-2.1189046e-01 2.7661133e-01 2.1965396e-01 -1.9905522e-01 -8.4449178e-01 8.2807064e-01
-2.5325271e-01 3.1941009e-01 1.8231431e-01 1.0851969e-01 -9.0439397e-01 6.8468404e-01
-2.0399313e-01 3.1087291e-01 2.1615356e-01 -1.2338484e-01 -8.1087422e-01 6.1726332e-01
-2.7678668e-01 3.9028111e-01 2.4086994e-01 8.2821861e-02 -8.5519290e-01 6.6748041e-01
-2.3327145e-01 3.3665445e-01 2.2134438e-01 5.4188751e-02 -8.4278941e-01 6.0755920e-01
-2.6297280e-01 -4.0095353e-01 -1.5443966e-02 6.9599837e-01 -7.9024398e-01 1.0605272e+00
-1.7980009e-01 2.1937132e-02 1.5205188e-01 2.4822459e-01 -9.3141800e-01 1.5663166e+00
-2.5224531e-01 3.1290597e-01 1.7976655e-01 1.0200215e-01 -9.0387487e-01 6.8521488e-01
-2.4653748e-01 -9.2292249e-01 -1.9404474e-01 5.5367655e-01 -1.0558915e+00 1.7626965e+00
-1.3335946e-01 1.1598635e-01 1.4475629e-01 -6.4099306e-01 -7.1606243e-01 9.3658864e-01
-2.8102961e-01 -3.8670483e-01 6.7240335e-02 8.5706973e-01 -1.0730321e+00 1.5235729e+00
-3.2731935e-01 -1.8496653e-01 8.9478038e-02 9.5233721e-01 -8.3919168e-01 9.0832222e-01
-3.1405595e-01 -1.0219363e+00 -2.3859736e-01 4.1521472e-01 -8.1309748e-01 1.0967380e+00
-2.6497877e-01 -1.9206566e-01 6.7013465e-02 5.6730849e-01 -1.0799985e+00 1.6487489e+00
-1.7830253e-01 1.5718070e-01 2.0131858e-01 1.7366004e-01 -8.9642745e-01 1.4628770e+00
-2.0240504e-01 3.4734279e-01 2.0974196e-01 -7.8452475e-02 -8.1720597e-01 6.0661733e-01
-1.8063545e-01 2.7695549e-01 1.9167933e-01 -2.6501143e-01 -7.7709854e-01 6.9094318e-01
-2.0775805e-01 2.6578856e-01 1.4870061e-01 -1.5859503e-01 -9.2666221e-01 7.5193125e-01
-2.3451932e-01 3.5165071e-01 1.7348748e-01 8.1889257e-02 -9.3756288e-01 7.2961599e-01
-2.5332314e-01 -1.1497260e+00 -2.7984780e-01 5.1413482e-01 -9.4226235e-01 1.4294658e+00
-2.9199666e-01 -8.3957624e-01 -1.7482752e-01 3.5880807e-01 -7.9279280e-01 9.8965085e-01
-1.8994109e-01 2.8302622e-01 1.8338671e-01 -1.2946996e-01 -7.9170412e-01 6.8475634e-01
-3.2678333e-01 -8.2398331e-01 -1.2070763e-01 7.7318072e-01 -8.0883920e-01 1.1134443e+00
-2.0623209e-01 1.8569699e-01 1.9838546e-01 -1.1628909e-01 -8.7583899e-01 9.3600172e-01
-2.4421915e-01 3.1423375e-01 1.9829565e-01 1.0516212e-01 -8.9878958e-01 6.4527512e-01
-1.4605112e-01 2.6698080e-01 1.9006138e-01 -4.7342515e-01 -6.9859368e-01 8.4083039e-01
-1.7946905e-01 1.9144788e-03 1.4408217e-01 2.5045654e-01 -9.4120151e-01 1.5956849e+00
-2.8286713e-01 -1.1043580e+00 -2.2893542e-01 6.9573903e-01 -1.0962595e+00 1.9484897e+00
-2.7199715e-01 2.7833730e-01 1.7474891e-01 2.1955213e-01 -8.9959908e-01 6.3039309e-01
-3.2695884e-01 -4.1054672e-01 2.2065170e-02 9.6998703e-01 -8.4601498e-01 9.8835242e-01
-2.6601025e-01 -2.7028456e-01 1.2027776e-01 7.0838737e-01 -9.3604630e-01 1.2604394e+00
-1.9163121e-01 2.7809286e-01 1.8691310e-01 -1.6855624e-01 -8.0174994e-01 5.6553471e-01
-2.2745395e-01 4.4733524e-01 2.0729947e-01 -2.7997069e-02 -8.8841665e-01 7.1680903e-01
-2.4670231e-01 2.8896475e-01 1.6590449e-01 8.4772818e-02 -8.9892012e-01 6.9015050e-01
-2.0289120e-01 5.8267808e-01 2.5495350e-01 -7.7638723e-02 -8.4228033e-01 7.2937101e-01
-2.7834415e-01 2.9744256e-01 1.8450958e-01 1.7577821e-01 -9.4117653e-01 7.1165520e-01
-1.7387158e-01 2.5902259e-01 1.8534119e-01 -2.8149056e-01 -7.6729947e-01 7.0502889e-01
-1.5362188e-01 3.7514740e-01 1.6884677e-01 -8.1872575e-02 -9.1834491e-01 7.7102327e-01
-3.0849016e-01 -5.7999325e-01 -5.5953875e-02 8.4564358e-01 -7.7231193e-01 1.0330768e+00
-2.9720324e-01 -4.8009109e-01 -2.4691746e-02 7.5441897e-01 -8.5485649e-01 9.7412515e-01
-1.4397345e-01 2.0556906e-01 1.7415145e-01 -5.5169463e-01 -7.1324474e-01 8.8527763e-01
-1.8943055e-01 2.7492368e-01 1.8425055e-01 -1.6520143e-01 -8.0249226e-01 5.6930327e-01
-2.8060365e-01 3.1736726e-01 1.7901716e-01 1.9903412e-01 -8.9713460e-01 6.4343548e-01
-1.7949116e-01 6.0572988e-01 2.6019186e-01 -8.5253157e-02 -7.6979429e-01 7.8344846e-01
-1.7035717e-01 3.6612731e-01 1.6382739e-01 -4.9146116e-03 -9.4009125e-01 7.7183539e-01
-3.3893436e-01 -2.2274697e-01 7.8254834e-02 9.5927125e-01 -8.5198563e-01 9.1827488e-01
-1.6253889e-01 -4.4758666e-01 7.0635587e-02 1.2075660e-01 -1.0493536e+00 1.8807058e+00
-2.5653052e-01 -2.1942392e-01 3.6887422e-02 4.7806907e-01 -9.4638640e-01 1.2773025e+00
-3.0706608e-01 -7.5608975e-01 -1.4188626e-01 3.6939424e-01 -8.3857900e-01 9.4121522e-01
-2.4443102e-01 -4.2608744e-01 9.9016614e-02 7.5328296e-01 -8.5058928e-01 1.3295693e+00
-3.1464767e-01 -8.5394347e-01 -1.6913986e-01 4.3080494e-01 -8.4534532e-01 9.4565988e-01
-1.7172907e-01 4.2961481e-01 2.4172726e-01 -1.7325655e-01 -7.4112636e-01 7.8932840e-01
-2.7701703e-01 -1.1766586e+00 -1.5713012e-01 9.7271830e-01 -1.0372130e+00 1.8815629e+00
-2.3450525e-01 1.6167052e-01 1.3247035e-01 -1.7679507e-01 -8.4284192e-01 8.1585789e-01
-2.2770950e-01 -5.9898329e-01 -2.5728166e-02 6.3973278e-01 -1.1423604e+00 1.9943044e+00
-3.1344524e-01 -2.3062310e-01 2.2023343e-02 7.0897895e-01 -8.4455204e-01 9.4452119e-01
-1.7782757e-01 1.8097582e-01 1.9166078e-01 -4.3016616e-01 -8.0217981e-01 6.8787009e-01
-3.2929546e-01 3.4844792e-01 1.9894949e-01 2.9158452e-01 -9.5867121e-01 6.9714528e-01
-2.6539397e-01 -9.1035938e-01 -2.4112353e-01 5.5704063e-01 -9.8325902e-01 1.6426282e+00
-2.4081321e-01 -8.7122083e-01 -1.6478932e-01 5.3007865e-01 -1.0717893e+00 1.7792950e+00
-2.3061223e-01 3.2758141e-01 2.0165223e-01 8.5273981e-02 -8.8906306e-01 6.5962696e-01
-1.5594111e-01 2.9323441e-01 2.0136234e-01 -3.1321278e-01 -7.1152484e-01 7.7804619e-01
-2.1938768e-01 7.0421189e-01 2.8024060e-01 -6.5798722e-02 -8.7049353e-01 7.2082543e-01
-2.3366395e-01 3.4746224e-01 1.9549350e-01 3.2403216e-02 -8.3128637e-01 6.7831373e-01
-2.1088120e-01 2.1091545e-01 1.6079307e-01 -2.1202055e-01 -8.2454973e-01 7.3899460e-01
-3.0848420e-01 -1.2439425e+00 -3.3956611e-01 5.8219767e-01 -9.1801447e-01 1.2716577e+00
-2.0592663e-01 3.0364871e-01 2.0240152e-01 -9.8938070e-02 -8.1702632e-01 6.1469293e-01
-2.8685567e-01 -9.3926251e-01 -2.0533243e-01 3.4198311e-01 -7.9456317e-01 9.8498201e-01
-2.9759353e-01 -1.1745721e+00 -1.6172096e-01 1.0753537e+00 -1.1698009e+00 2.1997089e+00
-2.8910679e-01 -3.1832492e-01 2.6199088e-02 7.7750540e-01 -8.6261946e-01 9.3050432e-01
-2.7555600e-01 4.2597732e-01 2.3459205e-01 1.0101879e-01 -8.4983552e-01 6.4399832e-01
-7.8011274e-02 6.3524085e-01 2.3604834e-01 -2.8763443e-01 -8.6482507e-01 8.3366799e-01
-2.1835341e-01 3.1704438e-01 1.9702730e-01 -3.1267874e-02 -8.2679969e-01 6.4642847e-01
-3.2951313e-01 -4.7274941e-01 3.0209422e-03 1.0039245e+00 -8.5928094e-01 1.0059960e+00
-1.5167746e-01 1.1281589e-01 1.3016610e-01 -4.6391475e-01 -7.4907500e-01 5.6154126e-01
-2.1645728e-01 6.1241412e-01 2.5096181e-01 -5.4288872e-02 -8.8435906e-01 7.0912391e-01
-1.3392088e-01 1.2115691e-01 1.4696994e-01 -6.4220667e-01 -7.1590453e-01 9.3319392e-01
-3.3724394e-01 -3.7643671e-01 2.0685002e-02 9.3299311e-01 -8.4453762e-01 9.6109086e-01
-1.6443111e-01 2.5883859e-01 2.1826595e-01 -1.5682685e-01 -8.8017631e-01 1.2048478e+00
-1.9963846e-01 -2.6795208e-01 1.1773735e-01 5.0590760e-01 -8.5439646e-01 1.6070170e+00
-1.9379224e-01 2.6468360e-01 2.0339563e-01 -2.2830334e-01 -8.0528730e-01 6.3524473e-01
-2.2988172e-01 3.4592405e-01 2.2595657e-01 4.4523373e-02 -8.4015870e-01 6.0289413e-01
-1.5234053e-01 4.3601337e-01 1.9484612e-01 -2.0904416e-01 -8.7571204e-01 7.5564831e-01
-1.6527122e-01 4.8069665e-01 2.4807402e-01 -1.8942207e-01 -7.3867160e-01 8.2003897e-01
-2.2835205e-01 6.4368623e-01 2.6755792e-01 -1.9039594e-02 -8.7286228e-01 7.0759529e-01
-1.7671773e-01 -2.1436101e-01 1.2799479e-01 4.6136829e-01 -7.7913576e-01 1.5455698e+00
-3.3398581e-01 -5.6122541e-01 -1.3427079e-02 1.0412463e+00 -8.5586160e-01 1.0807872e+00
-2.9538274e-01 -5.2848130e-01 3.4048483e-02 9.1680562e-01 -1.0557842e+00 1.5640697e+00
-2.2867323e-01 3.3779269e-01 2.0813958e-01 5.1264241e-02 -8.2968593e-01 6.3235682e-01
-8.8162191e-02 6.3692987e-01 2.4158028e-01 -2.4398017e-01 -8.7182540e-01 8.4946865e-01
-3.0503014e-01 -5.3324956e-01 2.4560623e-02 9.9881184e-01 -1.0685065e+00 1.5747495e+00
-2.3694028e-01 2.8020889e-01 1.6443318e-01 1.7606542e-03 -9.5034039e-01 7.5929916e-01
-1.4878722e-01 2.8634337e-01 1.9785228e-01 -4.0158552e-01 -6.9803780e-01 7.9999053e-01
-2.3453668e-01 4.1341075e-01 2.3983189e-01 1.1373336e-01 -8.3430600e-01 6.3365293e-01
-2.3816855e-01 -8.7202221e-01 -1.5497112e-01 5.8480698e-01 -1.1493506e+00 1.9889433e+00
-1.6501857e-01 2.5966442e-01 2.1300557e-01 -3.0434534e-01 -7.8630793e-01 1.0238919e+00
-1.6764985e-01 3.3069387e-01 2.2762764e-01 -2.9149956e-01 -7.5111300e-01 9.0077943e-01
-1.9888234e-01 2.9019690e-01 1.8844861e-01 -1.1126518e-01 -8.0270356e-01 6.7359489e-01
-1.7606711e-01 2.9864174e-01 2.1009290e-01 -3.2750046e-01 -7.6490390e-01 7.6936042e-01
-2.7834415e-01 2.9744256e-01 1.8450958e-01 1.7577821e-01 -9.4117653e-01 7.1165520e-01
-1.6307107e-01 3.6454946e-01 1.6418338e-01 -5.0223663e-02 -9.2217004e-01 7.6190901e-01
-2.5319535e-01 -1.0702571e+00 -3.0357018e-01 4.8501948e-01 -8.6762607e-01 1.5339204e+00
-2.1322680e-01 2.1330409e-01 1.6130552e-01 -2.3039085e-01 -8.2758856e-01 7.4854535e-01
-1.4057583e-01 2.1027376e-01 1.8158700e-01 -5.7677597e-01 -7.1353465e-01 8.8714087e-01
-3.2426846e-01 3.4093291e-01 1.9805750e-01 3.4006876e-01 -9.5146418e-01 7.0777392e-01
-2.1924108e-01 6.6720766e-01 2.7550450e-01 -4.1950665e-02 -8.7377131e-01 7.2369564e-01
-2.5161597e-01 -1.8227822e-01 5.2241050e-02 4.5562884e-01 -9.6522939e-01 1.3275671e+00
-2.3638546e-01 -3.5343617e-01 1.1350442e-01 7.1608025e-01 -8.6892563e-01 1.2785091e+00
-2.2504795e-01 -7.2014517e-01 -8.5045457e-02 4.7378829e-01 -1.1062020e+00 1.8370128e+00
-2.8752548e-01 -8.3406317e-01 -1.6178560e-01 3.4723684e-01 -7.9019886e-01 9.4319522e-01
-1.7527424e-01 2.9341793e-01 2.0878324e-01 -3.4642977e-01 -7.6666427e-01 7.7733672e-01
-3.4421420e-01 -3.0440554e-01 8.6674392e-03 7.5017750e-01 -8.7388909e-01 1.0216727e+00
-2.7325577e-01 -9.9576354e-01 -1.6607997e-01 8.0692726e-01 -1.2185974e+00 2.2472725e+00
-2.3498815e-01 -1.0312743e-02 1.5474717e-01 3.0104098e-01 -9.9859989e-01 1.4413252e+00
-3.1660008e-01 -7.2035480e-01 -1.0424136e-01 8.2068014e-01 -7.6354539e-01 1.0895356e+00
-1.9293451e-01 6.2805414e-01 2.5855508e-01 3.9474726e-02 -9.3897337e-01 1.0994183e+00
-2.0876035e-01 2.2684373e-01 2.1521106e-01 -1.9453207e-01 -8.6255652e-01 9.2823535e-01
-2.3506376e-01 1.7454475e-01 1.2304601e-01 -1.9434705e-01 -8.3450091e-01 8.6830240e-01
-2.4564359e-01 -9.2033708e-01 -2.5018099e-01 4.6293989e-01 -9.3095589e-01 1.6361872e+00
-2.9786772e-01 -9.8659575e-01 -2.2436771e-01 4.0989631e-01 -7.7808958e-01 1.1381856e+00
-3.1850052e-01 -8.3604467e-01 -1.3950485e-01 7.8785443e-01 -7.4215841e-01 1.1307631e+00
-2.4573790e-01 -9.3283665e-01 -2.5487646e-01 4.6611115e-01 -9.2307842e-01 1.6331438e+00
-2.2128735e-01 3.3484739e-01 2.1862112e-01 1.5468393e-02 -8.3614147e-01 6.0068786e-01
-2.0277072e-01 6.1167222e-01 2.6267105e-01 -1.7434452e-02 -8.0587769e-01 7.7357811e-01
-2.1358833e-01 4.5493287e-01 2.3743439e-01 1.8527575e-02 -8.1549478e-01 6.9540441e-01
-1.3865682e-01 -3.7004367e-01 9.1085985e-02 -2.6066196e-01 -9.2343807e-01 1.5783039e+00
-2.4714044e-01 3.0950469e-01 1.9618694e-01 1.1581820e-01 -9.0094990e-01 6.4052790e-01
-1.6942103e-01 3.7210503e-01 1.7949246e-01 -1.8401715e-01 -8.8096762e-01 7.4055225e-01
-2.5969988e-01 -8.6741948e-01 -2.3399997e-01 5.3491217e-01 -9.6673048e-01 1.6116363e+00
-3.2742655e-01 3.2085747e-01 1.9074652e-01 3.8671017e-01 -9.7503030e-01 7.0812035e-01
-2.9735351e-01 -4.4025254e-01 5.0677627e-02 9.5393974e-01 -1.0630364e+00 1.5098939e+00
-1.4315310e-01 4.1713807e-01 1.7949498e-01 -9.3623094e-02 -9.1957712e-01 7.8462899e-01
-3.3657417e-01 -4.8516136e-01 -1.8773228e-02 9.9406797e-01 -8.7062258e-01 1.0243083e+00
-2.1489114e-01 2.1264258e-01 1.6330279e-01 -2.2393242e-01 -8.2687819e-01 7.4824452e-01
-3.1976071e-01 -1.0362178e+00 -2.4931437e-01 4.4426483e-01 -8.5097522e-01 1.0765548e+00
-1.1216417e-01 1.3181835e-02 1.3177130e-01 -7.7560139e-01 -7.3333311e-01 1.0752091e+00
-1.8355460e-01 2.0750418e-02 1.7854299e-01 2.0622295e-01 -8.5913599e-01 1.3978236e+00
-2.9743844e-01 2.6007843e-01 1.6052143e-01 3.9394599e-01 -9.6057421e-01 7.0800972e-01
-2.1880922e-01 -2.6041782e-01 8.2800969e-02 5.2927989e-01 -9.6933615e-01 1.6062560e+00
-2.2364289e-01 4.6212634e-01 2.3372254e-01 3.6314294e-02 -8.2865411e-01 7.0215255e-01
-2.2492899e-01 6.2895304e-01 2.6269573e-01 3.4622923e-03 -8.6930460e-01 7.0792991e-01
-2.9512557e-01 -8.3534694e-01 -1.7822126e-01 3.2643992e-01 -7.9538524e-01 1.0096158e+00
-2.6587638e-01 -3.0297881e-01 1.1164796e-01 7.3993075e-01 -9.4285619e-01 1.2888293e+00
-2.2849983e-01 3.4230888e-01 2.0390619e-01 1.8771045e-02 -8.2140380e-01 6.3890249e-01
-2.8413299e-01 -1.8287787e-01 3.1260557e-02 6.0068971e-01 -8.9001793e-01 1.1272053e+00
-1.4393950e-01 6.6526204e-01 2.9402113e-01 -3.1764627e-01 -7.5471407e-01 8.1613374e-01
-2.9795927e-01 -8.0844492e-01 -1.6600487e-01 3.7781566e-01 -8.0981755e-01 9.7436112e-01
-2.2213270e-01 3.4493679e-01 2.2345045e-01 2.2834791e-02 -8.3715129e-01 6.0107511e-01
-2.3016232e-01 3.8130134e-01 2.2373934e-01 9.3962520e-02 -8.4734929e-01 6.4849848e-01
-3.3137801e-01 3.2316512e-01 1.9238740e-01 3.5443452e-01 -9.5601040e-01 7.0443064e-01
-2.3347965e-01 2.4497725e-01 1.6657749e-01 4.9122591e-02 -8.7636191e-01 6.8970203e-01
-2.5407398e-01 -1.1747631e+00 -3.3548170e-01 4.8823497e-01 -8.2841754e-01 1.4794794e+00
-9.8841600e-02 6.1562341e-01 2.3742649e-01 -2.0790187e-01 -8.6477739e-01 8.3832115e-01
-3.0922148e-01 -9.6997869e-01 -2.1532583e-01 4.2011359e-01 -8.6659992e-01 9.8884892e-01
-3.1687599e-01 -9.1137314e-01 -1.8806118e-01 4.1554162e-01 -8.7422538e-01 9.4152474e-01
-3.3076221e-01 -4.6872723e-01 3.9743334e-03 9.9637222e-01 -8.5770309e-01 9.9901712e-01
-1.5186685e-01 1.2198482e-01 1.3752231e-01 -4.6668178e-01 -7.3798770e-01 5.5404234e-01
-1.7963406e-01 3.9836055e-01 2.2651827e-01 -1.0078893e-01 -7.5804210e-01 7.8685254e-01
-2.9465878e-01 -3.8838395e-01 6.5791324e-02 9.0826398e-01 -1.0784875e+00 1.5264299e+00
-1.7420951e-01 -1.0127500e-01 1.6095966e-01 3.7001780e-01 -7.6694918e-01 1.4304888e+00
-2.5896472e-01 -3.1209949e-01 1.0788316e-01 7.2947502e-01 -9.4078720e-01 1.2933288e+00
-2.6301926e-01 -7.7562734e-02 1.3902946e-01 4.2057571e-01 -1.0763645e+00 1.5951736e+00
-1.3776067e-01 4.2189792e-01 1.8555245e-01 -2.2140282e-01 -8.8829696e-01 7.6020151e-01
-1.7156608e-01 3.2132953e-02 1.4995678e-01 2.0043597e-01 -8.5409814e-01 1.4380858e+00
-1.9008379e-01 2.8789335e-01 1.9211447e-01 -1.7671478e-01 -7.9859090e-01 5.6390834e-01
-1.7764542e-01 -1.3596122e-01 1.6116777e-01 3.6491331e-01 -7.7982414e-01 1.4919240e+00
-3.3063537e-01 3.3702564e-01 1.9781783e-01 3.1645414e-01 -9.5538533e-01 7.1800035e-01
-2.4191450e-01 -9.4918978e-01 -2.0982724e-01 5.6009656e-01 -1.0351239e+00 1.7309401e+00
-2.3063022e-01 3.1863123e-01 1.9737232e-01 9.1246776e-02 -8.9079100e-01 6.6164678e-01
-1.7105913e-01 2.3945212e-01 2.1070981e-01 -1.0198785e-01 -8.9899385e-01 1.2611388e+00
-9.3602814e-02 5.3094304e-01 2.0729345e-01 -2.0153233e-01 -8.9076358e-01 8.3677292e-01
-2.2911721e-01 3.4190658e-01 1.8879357e-01 -5.8833249e-02 -8.4173238e-01 7.6570755e-01
-3.2300147e-01 -1.0876133e+00 -2.6095802e-01 5.5961138e-01 -8.4636736e-01 1.1291990e+00
-3.1314605e-01 -9.5858979e-01 -2.1110189e-01 4.3707865e-01 -8.1994599e-01 1.0056213e+00
-1.8026406e-01 2.5842927e-02 1.7850856e-01 2.1008971e-01 -8.7050396e-01 1.4112327e+00
-1.4144008e-01 -4.6153164e-01 7.0843771e-02 -5.6289144e-02 -1.0171136e+00 1.8695369e+00
-2.1166392e-01 3.8544846e-01 2.2805256e-01 -5.7474449e-03 -8.2538486e-01 5.9497082e-01
-3.2178104e-01 3.5051385e-01 2.0103003e-01 2.8791744e-01 -9.5194197e-01 7.0873022e-01
-2.6668230e-01 -9.1593766e-01 -5.0960004e-02 9.7197163e-01 -1.0477794e+00 1.8333423e+00
-1.7645837e-01 -1.2100442e-01 1.5773834e-01 3.8323188e-01 -7.6967108e-01 1.4737029e+00
-2.3302059e-01 3.4655458e-01 2.2478810e-01 6.8931475e-02 -8.4376484e-01 6.0869038e-01
-1.8804702e-01 -3.3954963e-01 8.8374041e-02 4.5232567e-01 -1.1566143e+00 1.9961767e+00
-1.8899283e-01 2.9997581e-01 1.5859477e-01 -2.0358300e-01 -9.1883278e-01 7.7715862e-01
-1.8963131e-01 3.2092127e-01 1.8613049e-01 -2.3937553e-02 -8.7577856e-01 7.4047041e-01
-1.4178948e-01 4.0879178e-01 1.7633681e-01 -1.0008418e-01 -9.2449903e-01 7.9050910e-01
-3.1296766e-01 3.1895110e-01 1.8944560e-01 3.3343297e-01 -9.7901386e-01 7.0337003e-01
-1.5106380e-01 4.0607092e-01 1.7810349e-01 -7.8374743e-02 -9.1570228e-01 7.7160287e-01
-1.1943233e-01 4.7099906e-01 1.9523861e-01 -1.0660080e-01 -9.1552478e-01 8.2903516e-01
-2.0142317e-01 4.1172475e-01 2.2589073e-01 -5.6236997e-02 -7.9796833e-01 7.3214489e-01
-1.4568625e-01 1.9316193e-01 1.6535251e-01 -5.5827862e-01 -7.1860754e-01 8.4735620e-01
-1.4197052e-01 2.3456348e-01 1.8404861e-01 -5.2703959e-01 -7.0218641e-01 8.7692273e-01
-2.2850113e-01 -7.8708977e-03 1.4383473e-01 2.5902325e-01 -9.5476460e-01 1.3314016e+00
-3.0652824e-01 2.8762555e-01 1.7090601e-01 1.5069985e-01 -9.4343781e-01 6.5765679e-01
-2.6586014e-01 2.9221815e-01 1.5807720e-01 1.4780381e-01 -9.5002192e-01 6.8852270e-01
-1.4099136e-01 7.6944068e-02 1.4087158e-01 -6.3031685e-01 -7.5683701e-01 9.9776053e-01
-1.3486080e-01 1.3957843e-01 1.5118235e-01 -6.3925511e-01 -7.1241993e-01 9.1845554e-01
-3.1340307e-01 -8.2529867e-01 -1.5728331e-01 4.3136057e-01 -8.4037215e-01 9.3882549e-01
-1.7457345e-01 -3.0372217e-02 1.3670221e-01 2.5952756e-01 -9.0247363e-01 1.5531285e+00
-3.1339937e-01 -1.2290208e+00 -3.2246631e-01 5.0422955e-01 -8.0070466e-01 1.2527039e+00
-1.8087237e-01 2.8786147e-01 1.9141617e-01 -1.9990164e-01 -7.7803653e-01 6.8545604e-01
-2.1589416e-01 6.1318272e-01 2.4748647e-01 2.3178032e-02 -9.1210210e-01 9.8311341e-01
-1.1328360e-01 -1.0238932e-01 1.3168788e-01 -3.9319792e-01 -7.5793672e-01 1.0542669e+00
-3.0902421e-01 2.8561521e-01 1.6345678e-01 2.5867492e-01 -9.5250803e-01 6.8436342e-01
-2.0275602e-01 3.0115479e-01 1.9445844e-01 -1.0115830e-01 -8.0689406e-01 6.6725582e-01
-1.2052228e-01 -2.0435825e-02 1.1443834e-01 -6.5195340e-01 -7.2095191e-01 6.4635223e-01
-2.6072478e-01 -1.8792674e-01 1.4270787e-01 6.4249849e-01 -9.2822117e-01 1.2177999e+00
-2.3463662e-01 -3.5276052e-01 1.1975037e-01 6.8719542e-01 -8.5387266e-01 1.3814102e+00
-2.2950995e-01 2.5040045e-01 1.6951711e-01 5.4457627e-02 -8.7107956e-01 6.9013762e-01
-2.7882528e-01 -1.0996106e+00 -2.2656706e-01 6.8355048e-01 -1.0908754e+00 1.9383578e+00
-2.0719156e-01 -1.7917417e-02 1.7620221e-01 2.8052849e-01 -8.8586920e-01 1.3962188e+00
-1.9976389e-01 3.0541915e-01 1.9693136e-01 -1.2016354e-01 -8.0226815e-01 6.6759300e-01
-1.7047799e-01 3.6917958e-01 1.6252276e-01 -2.4006702e-03 -9.3646860e-01 7.6908582e-01
-2.7168679e-01 4.8791665e-01 2.3115712e-01 6.6923529e-02 -8.5661650e-01 7.1060997e-01
-1.8051541e-01 -1.9471121e-01 1.3595502e-01 3.6972153e-01 -8.0991787e-01 1.5680888e+00
-3.2199365e-01 -9.0129149e-01 -1.8355274e-01 4.3823734e-01 -8.6327648e-01 9.7123903e-01
-2.3504119e-01 4.1677094e-01 2.4202368e-01 1.1251182e-01 -8.3116829e-01 6.3355708e-01
-3.5125691e-01 -1.1456807e+00 -2.5585824e-01 7.2548562e-01 -8.6136687e-01 1.1983413e+00
-2.0988280e-01 6.5518832e-01 2.6692259e-01 -1.1064801e-01 -8.7584698e-01 7.0727777e-01
-2.2743654e-01 3.7356704e-01 2.1896902e-01 7.5618520e-02 -8.5156751e-01 6.5354145e-01
-3.0132228e-01 -1.1558715e+00 -1.5183619e-01 1.1332490e+00 -1.2460530e+00 2.3926942e+00
-2.5628775e-01 -3.1052503e-01 1.1091401e-01 7.1649611e-01 -9.5014691e-01 1.3239354e+00
-2.6061219e-01 -9.3011045e-01 -1.4717612e-01 6.9595188e-01 -1.1321295e+00 1.9862568e+00
-2.9822099e-01 -8.8962305e-01 -1.8464991e-01 3.8803360e-01 -8.0109537e-01 9.7502041e-01
-3.1492192e-01 2.9908681e-01 1.7755464e-01 3.6426473e-01 -9.8951268e-01 7.0905715e-01
-2.1529251e-01 3.8038900e-01 2.2997564e-01 6.3329600e-03 -8.2401848e-01 5.8494163e-01
-1.7181657e-01 5.9354156e-01 2.5742772e-01 -1.2540725e-01 -7.6407939e-01 7.8332263e-01
-2.4347982e-01 -2.7727756e-01 5.3841099e-02 5.2702636e-01 -9.9708450e-01 1.4751074e+00
-2.7089876e-01 -3.7085679e-01 -1.0870352e-02 5.9103984e-01 -8.4043682e-01 1.0775876e+00
-3.0858123e-01 -1.0078592e+00 -2.2683844e-01 3.8636720e-01 -7.9911286e-01 1.0685148e+00
-3.4362650e-01 3.1386411e-01 1.8409124e-01 4.1308036e-01 -1.0082538e+00 7.1360296e-01
-2.3105250e-01 2.2472921e-01 1.2626944e-01 -2.8878339e-03 -8.4300804e-01 1.0174100e+00
-2.1774742e-01 -6.7755640e-02 1.5899965e-01 3.2124296e-01 -8.7085599e-01 1.3456235e+00
-1.4050680e-01 7.0603147e-02 1.3998164e-01 -6.4426100e-01 -7.6013917e-01 1.0057744e+00
-1.7821243e-01 5.9976780e-01 2.6238644e-01 -2.0930821e-01 -7.9987437e-01 7.3674452e-01
-2.5227985e-01 -1.8814218e-01 5.4467447e-02 4.5214644e-01 -9.7085363e-01 1.3583093e+00
-2.7248895e-01 -9.6889627e-01 -1.7223823e-01 6.6525471e-01 -1.0927109e+00 1.8763247e+00
-1.6022922e-01 3.6830309e-01 1.6553564e-01 -6.0204260e-02 -9.2053694e-01 7.6351762e-01
-1.9543259e-01 5.7486022e-01 2.5523180e-01 -8.9950331e-02 -8.3122373e-01 7.1352142e-01
-3.0323893e-01 -5.6163287e-01 1.9889042e-02 9.5329875e-01 -1.0608302e+00 1.5709317e+00
-2.5405911e-01 -9.8028553e-01 -2.3762208e-01 5.6454313e-01 -1.0036061e+00 1.6623952e+00
-2.9907495e-01 -1.2346338e+00 -3.2800764e-01 5.1755679e-01 -7.8005934e-01 1.2565968e+00
-2.7199715e-01 2.7833730e-01 1.7474891e-01 2.1955213e-01 -8.9959908e-01 6.3039309e-01
-1.6630916e-01 2.5432652e-01 2.0075564e-01 -3.9727098e-01 -7.6147103e-01 7.9652452e-01
-3.2064742e-01 -3.7593701e-01 1.2410216e-02 9.0471804e-01 -8.0843371e-01 9.6663737e-01
-2.5948483e-01 -9.7765815e-01 -2.5382233e-01 5.4770541e-01 -9.5630080e-01 1.5506639e+00
-1.7083579e-01 2.3740965e-01 1.8657586e-01 -3.6019284e-01 -7.6230741e-01 7.3335028e-01
-2.9630750e-01 -9.6800208e-01 -2.0727313e-01 7.0240200e-01 -8.2172948e-01 1.1247644e+00
-1.9788329e-01 2.8895408e-01 1.9820157e-01 -1.4158294e-01 -8.1111586e-01 6.0785699e-01
-2.9429162e-01 -1.2059226e+00 -1.7410240e-01 1.0458797e+00 -1.1156220e+00 2.0574107e+00
-1.9698676e-01 3.2239127e-01 2.0538265e-01 -1.3505769e-01 -8.0298167e-01 5.6692725e-01
-3.4020078e-01 3.4492952e-01 1.8496287e-01 2.6285994e-01 -9.6616828e-01 6.7804307e-01
-1.8546622e-01 2.9706633e-01 1.9484769e-01 -1.8024570e-01 -7.8096175e-01 6.7987287e-01
-1.7524134e-01 3.4801185e-01 1.6076781e-01 -9.0432465e-03 -9.3498582e-01 7.6434511e-01
-2.1743003e-01 2.1312712e-01 1.6292022e-01 -1.9985032e-01 -8.2822305e-01 7.4150014e-01
-2.5372145e-01 3.2022247e-01 1.8275476e-01 1.1470953e-01 -9.0639120e-01 6.8566316e-01
-1.7054217e-01 3.0286339e-01 1.6250421e-01 -2.4892804e-01 -8.9531177e-01 7.4781984e-01
-1.0286337e-01 5.9613556e-01 2.3407328e-01 -1.8210971e-01 -8.6495513e-01 8.4344143e-01
-3.3198512e-01 -9.4614506e-01 -2.0239955e-01 4.6426907e-01 -8.7277055e-01 9.9534315e-01
-1.7630380e-01 1.5835464e-03 1.4423609e-01 2.4476147e-01 -9.2522943e-01 1.5775039e+00
-2.5393027e-01 -1.1723660e+00 -3.3232111e-01 4.9914268e-01 -8.2944620e-01 1.4797492e+00
-3.3767822e-01 -9.2288387e-01 -1.9364834e-01 4.6595213e-01 -8.7820899e-01 9.8954540e-01
-1.7423558e-01 1.3773827e-01 1.7759874e-01 7.6207250e-02 -8.7862331e-01 1.4467976e+00
-1.9522403e-01 2.8804213e-01 1.8580274e-01 -1.1763404e-01 -7.9687619e-01 6.7550027e-01
-3.2020450e-01 -8.0487561e-01 -1.1579424e-01 8.2412803e-01 -7.5987214e-01 1.1165617e+00
-1.4311409e-01 2.5335640e-01 1.9643514e-01 -5.1347089e-01 -6.9606638e-01 8.5570300e-01
-2.9391602e-01 5.9282625e-01 2.5881976e-01 1.9253790e-01 -8.7785798e-01 6.9022685e-01
-2.7345395e-01 -4.0095025e-01 6.6178516e-02 8.5455102e-01 -1.0722473e+00 1.5468581e+00
-2.0606400e-01 2.1034119e-01 2.0796053e-01 -1.5166849e-01 -8.6671996e-01 9.2239434e-01
-3.4554195e-01 -4.4841212e-01 -2.4995908e-02 8.8699400e-01 -8.7208915e-01 1.0791582e+00
-3.3733636e-01 -2.0784006e-01 2.9128462e-02 7.0718688e-01 -8.6911434e-01 9.8349333e-01
-3.2097983e-01 -1.7573056e-01 9.8468617e-02 9.1686523e-01 -8.3472317e-01 8.9654368e-01
-2.9535159e-01 -4.5084459e-01 4.5037128e-02 9.4603026e-01 -1.0576648e+00 1.4922422e+00
-3.2279801e-01 -9.4125521e-01 -1.9982755e-01 4.5234323e-01 -8.6301982e-01 9.8046911e-01
-2.7320477e-01 2.8623819e-01 1.5999982e-01 1.7520538e-01 -9.5471931e-01 6.7656708e-01
-2.8469980e-01 2.4450870e-01 1.6538100e-01 4.3701556e-01 -9.3144482e-01 7.1031952e-01
-2.7635917e-01 -1.0788238e+00 -2.1399024e-01 6.9025892e-01 -1.1113913e+00 1.9972656e+00
-1.0459683e-01 4.8568580e-01 2.0050831e-01 -1.2283201e-01 -9.2518771e-01 8.5770446e-01
-2.7101409e-01 -8.7083119e-01 -1.7637721e-01 6.1221319e-01 -8.2245636e-01 1.1688755e+00
-2.8155965e-01 -1.0973082e+00 -2.3294106e-01 6.6756111e-01 -1.0374131e+00 1.7958350e+00
-3.1964180e-01 3.4951562e-01 1.8771432e-01 2.1712577e-01 -9.4728434e-01 6.8256438e-01
-2.6728138e-01 3.7403741e-01 2.3232627e-01 9.2296526e-02 -8.6453468e-01 6.5802008e-01
-3.1088346e-01 2.7903008e-01 1.6929664e-01 3.6311319e-01 -9.7338390e-01 6.8796194e-01
-1.4423671e-01 6.7077780e-01 2.9167706e-01 -3.0483481e-01 -7.5911427e-01 8.0211496e-01
-2.4343348e-01 -9.0159309e-01 -1.7594445e-01 5.7288611e-01 -1.1117927e+00 1.8970532e+00
-1.6731574e-01 8.4300578e-02 1.6566078e-01 1.7542073e-01 -8.5236740e-01 1.4315541e+00
-2.9807955e-01 2.9273331e-01 1.7714763e-01 2.4031454e-01 -9.3467253e-01 6.7468560e-01
-2.1890417e-01 -6.0926780e-02 1.6160847e-01 3.1290290e-01 -8.8268518e-01 1.3697536e+00
-2.6696125e-01 2.4500130e-01 1.7635244e-01 2.6406607e-01 -8.8805413e-01 6.4652282e-01
-2.0582822e-01 -5.6921190e-01 -1.5434250e-02 5.2132279e-01 -1.1812656e+00 2.0236826e+00
-2.6040405e-01 -2.0452559e-01 1.3763982e-01 6.5464717e-01 -9.3354255e-01 1.2541759e+00
-2.7883899e-01 3.8092571e-01 2.3263440e-01 9.2470266e-02 -8.6569083e-01 6.7494047e-01
-1.3134892e-01 4.2166013e-02 1.3436191e-01 -6.8726176e-01 -7.6341105e-01 1.0642960e+00
-1.9469108e-01 3.0131903e-01 1.9985712e-01 -1.4532447e-01 -8.0201310e-01 6.0944486e-01
-1.3195854e-01 -3.2638210e-01 9.3009658e-02 -2.2517177e-01 -9.0279824e-01 1.5565293e+00
-1.4332426e-01 4.3329498e-01 1.8623374e-01 -4.3202169e-02 -9.2161834e-01 7.9944873e-01
-1.1334562e-01 4.7761783e-01 1.9313201e-01 -2.4076107e-01 -8.8475138e-01 7.8848803e-01
-1.8731681e-01 6.4030361e-01 2.7781171e-01 1.3120927e-02 -9.3266642e-01 1.0891448e+00
-2.2983426e-01 1.4703688e-01 1.1770679e-01 -2.5280157e-01 -8.2685208e-01 8.7732077e-01
-3.5346866e-01 -5.3493899e-01 -3.7604511e-02 9.7978354e-01 -8.5816950e-01 1.0411446e+00
-2.1530727e-01 1.8726203e-01 1.5698035e-01 -2.1539643e-01 -8.2586581e-01 7.5549251e-01
-1.7783836e-01 -2.1316466e-01 1.1441695e-01 3.3642909e-01 -8.3633655e-01 1.5785917e+00
-3.1488952e-01 -1.0580593e+00 -2.5135466e-01 4.1912463e-01 -8.2818133e-01 1.0808131e+00
-2.9749414e-01 -1.2853059e+00 -3.5081255e-01 6.2884331e-01 -9.5603466e-01 1.3504665e+00
-2.1378526e-01 2.7288878e-01 2.0996112e-01 -1.9951683e-01 -8.4585321e-01 8.1046343e-01
-3.3312863e-01 3.2683474e-01 1.9330412e-01 3.5244814e-01 -9.5725977e-01 7.1661049e-01
-3.1859714e-01 -1.1806536e+00 -3.0503356e-01 5.5265909e-01 -8.9004302e-01 1.1776576e+00
-2.4129638e-01 -8.6973327e-01 -1.5885556e-01 5.3495777e-01 -1.0890973e+00 1.8289452e+00
-1.8583253e-01 3.9747304e-01 1.9495218e-01 -1.2348973e-01 -9.1659212e-01 7.9945189e-01
-1.9022313e-01 4.7404447e-01 2.5095659e-01 -5.3923734e-02 -9.3464339e-01 1.1544396e+00
-1.5707885e-01 2.8871638e-01 2.1429488e-01 -4.0902904e-01 -7.3267388e-01 8.1476343e-01
-2.3481140e-01 3.5385269e-01 1.9648983e-01 3.0666444e-02 -8.3088571e-01 6.8841112e-01
-2.6184621e-01 3.2707047e-01 1.9990247e-01 1.3558552e-01 -9.0363616e-01 6.3495499e-01
-1.7811666e-01 -1.9306740e-01 1.4581485e-01 3.7546223e-01 -7.9914761e-01 1.5961945e+00
-2.5903863e-01 -9.3734550e-01 -2.6575199e-01 5.0142509e-01 -8.9956582e-01 1.5427566e+00
-3.3115447e-01 -8.5989887e-01 -1.3186383e-01 7.6936316e-01 -8.1625289e-01 1.1206074e+00
-1.4129005e-01 4.1673484e-01 1.8345822e-01 -2.0890164e-01 -8.8986582e-01 7.5582606e-01
-1.9963846e-01 -2.6795208e-01 1.1773735e-01 5.0590760e-01 -8.5439646e-01 1.6070170e+00
-1.9385926e-01 5.9952497e-01 2.6156014e-01 -4.7874071e-02 -7.8873336e-01 7.7952164e-01
-2.8351638e-01 -6.0821056e-02 9.4707653e-02 4.7258347e-01 -9.9671954e-01 1.3096678e+00
-1.4916450e-01 2.4905975e-01 2.0216763e-01 -4.9686784e-01 -7.1938294e-01 8.4856886e-01
-2.0058151e-01 7.2985542e-01 2.8439510e-01 -1.1212923e-01 -8.5822397e-01 7.3725748e-01
-1.5652981e-01 4.0115032e-01 1.7322150e-01 -3.1980596e-02 -9.2964053e-01 7.7703619e-01
-3.3759528e-01 -4.9536872e-01 -2.1945760e-02 9.8551410e-01 -8.7805092e-01 1.0203793e+00
-3.2349360e-01 -8.5727090e-01 -1.3240018e-01 7.6156056e-01 -7.7749223e-01 1.1272733e+00
-1.6551253e-01 3.6112332e-01 1.6302915e-01 -2.9892169e-02 -9.3189031e-01 7.7226156e-01
-2.5896809e-01 4.3841636e-01 2.2032821e-01 9.7903885e-02 -8.6188561e-01 6.7962730e-01
-2.6261628e-01 3.3622140e-01 2.0972714e-01 9.2931286e-02 -8.9650887e-01 6.4016891e-01
-2.0940974e-01 2.3928584e-01 1.6583556e-01 -1.6268924e-01 -8.1564498e-01 7.0933199e-01
-1.4952874e-01 4.2138270e-01 1.8607071e-01 -7.3799014e-02 -9.0502816e-01 7.7956349e-01
-9.4807670e-02 5.6665719e-01 2.1803187e-01 -3.0889326e-01 -8.6104435e-01 7.8823811e-01
-2.6226887e-01 -3.8641503e-01 -1.1227876e-02 6.6162539e-01 -8.0272007e-01 1.0725803e+00
-2.1672410e-01 2.0623508e-01 1.5848269e-01 -1.7834833e-01 -8.2403660e-01 7.3973095e-01
-1.0167275e-01 5.0191057e-01 2.0120493e-01 -1.7684773e-01 -9.0088558e-01 8.3392769e-01
-1.7461509e-01 -2.3500761e-01 1.2139773e-01 3.5286400e-01 -8.1945157e-01 1.6339617e+00
-2.3372218e-01 3.8603348e-01 2.2820133e-01 1.1917633e-01 -8.4101659e-01 6.4110982e-01
-3.2386604e-01 -1.0295211e+00 -2.4116659e-01 4.6893722e-01 -8.5707998e-01 1.0554768e+00
-1.5453440e-01 4.3125510e-01 1.9470583e-01 -1.9751602e-01 -8.9196211e-01 7.7801764e-01
-1.9242443e-01 -4.2182618e-01 4.5672163e-02 5.2903718e-01 -1.2016596e+00 2.0878422e+00
-2.2924963e-01 2.6615620e-01 1.7744716e-01 5.5022545e-02 -8.6419243e-01 6.7578828e-01
-2.0750679e-01 1.2883784e-01 1.9119434e-01 -2.2534138e-01 -9.7353613e-01 1.3518323e+00
-3.0209655e-01 2.9650259e-01 1.7694771e-01 3.3191538e-01 -9.6759498e-01 6.8486559e-01
-2.3274334e-01 -5.3850991e-01 -4.0418252e-02 4.6686634e-01 -1.0342731e+00 1.6719129e+00
-1.7841491e-01 4.1644374e-01 2.3748022e-01 -1.4042759e-01 -7.5351053e-01 7.8921503e-01
-2.2944321e-01 3.4370494e-01 1.9336715e-01 -4.6419539e-02 -8.4272712e-01 7.4496573e-01
-3.1155491e-01 -7.5357163e-01 -1.3807166e-01 3.5707492e-01 -8.5666728e-01 9.0802783e-01
-1.9173382e-01 3.1902459e-01 1.8669388e-01 -2.9856324e-02 -8.7498897e-01 7.3431188e-01
-2.3477547e-01 3.9961177e-01 2.3471534e-01 1.1584089e-01 -8.3877903e-01 6.3956308e-01
-2.9948652e-01 3.0565566e-01 1.7806932e-01 1.3771647e-01 -9.3878430e-01 6.6672891e-01
-3.3255547e-01 -8.4662557e-01 -1.6255665e-01 4.6730021e-01 -8.6781913e-01 9.7299284e-01
-2.6730818e-01 -4.3926150e-01 6.7778617e-02 7.9305220e-01 -1.0324291e+00 1.5110693e+00
-2.7311039e-01 -3.4756681e-01 -2.5630593e-03 5.6421512e-01 -8.6190647e-01 1.1228852e+00
-3.2186061e-01 -1.0801606e+00 -2.6051778e-01 5.5747885e-01 -8.6736619e-01 1.1281374e+00
-3.3195552e-01 -2.9116940e-01 4.3636695e-02 9.3213791e-01 -8.3888793e-01 9.3731910e-01
-3.2626459e-01 -8.1103849e-01 -1.4524132e-01 4.6290019e-01 -8.5565925e-01 9.5976770e-01
-2.8128868e-01 -1.2311161e+00 -3.4161112e-01 5.2206528e-01 -7.8747356e-01 1.3466134e+00
-1.8521610e-01 1.4622331e-02 1.7705631e-01 2.0890981e-01 -8.5299969e-01 1.3935096e+00
-3.4928674e-01 3.2059032e-01 1.8952258e-01 4.0912157e-01 -1.0100372e+00 7.0278043e-01
-1.9969472e-01 5.8615553e-01 2.5677669e-01 -8.0207251e-02 -8.3301228e-01 7.3013431e-01
-1.8988322e-01 2.9107216e-01 1.9353522e-01 -1.6428292e-01 -8.0166799e-01 5.6889606e-01
-2.4718352e-01 -6.3111323e-01 -9.3773708e-02 4.0965456e-01 -9.2583233e-01 1.3288281e+00
-1.6634418e-01 2.8720295e-01 1.6070011e-01 -1.8773410e-01 -8.9181203e-01 7.5567532e-01
-1.6320291e-01 2.0588180e-01 1.5695857e-01 -3.4867623e-01 -7.7210540e-01 5.6121802e-01
-3.1691647e-01 -1.0340140e+00 -2.4517646e-01 4.2767805e-01 -8.3937943e-01 1.0768404e+00
-2.2350237e-01 1.3166943e-01 1.2478674e-01 1.7643112e-01 -8.7145603e-01 1.1308609e+00
-3.0878544e-01 -1.0885946e+00 -2.6717219e-01 4.3585598e-01 -7.9099739e-01 1.1775240e+00
-2.0130607e-01 7.7849627e-04 1.7870189e-01 2.5404394e-01 -8.7948179e-01 1.3830962e+00
-2.0780146e-01 6.0357201e-01 2.5649056e-01 -3.0007161e-02 -8.4913743e-01 7.1467400e-01
-2.7035639e-01 -1.0850707e+00 -1.1476630e-01 9.7408766e-01 -1.0379828e+00 1.8648603e+00
-1.2527312e-01 4.5631194e-01 1.9306000e-01 -1.0737481e-01 -9.0624464e-01 8.1359315e-01
-2.6230025e-01 3.6790371e-01 2.3054017e-01 6.9327667e-02 -8.6783075e-01 6.5029174e-01
-2.4474895e-01 -9.1317344e-01 -2.4696848e-01 4.6149352e-01 -9.2881072e-01 1.6313654e+00
-1.8363525e-01 -2.1526951e-01 1.2596238e-01 4.8834339e-01 -7.9980779e-01 1.5284257e+00
-2.3975042e-01 -9.2553687e-01 -1.9248042e-01 5.4862493e-01 -1.0658402e+00 1.7875557e+00
-2.6675832e-01 -1.0916382e+00 -1.1919993e-01 9.7226995e-01 -1.0277774e+00 1.8363519e+00
-2.3690948e-01 2.0425054e-01 1.5996294e-01 -1.4407843e-01 -8.5367769e-01 7.4311382e-01
-2.0791152e-01 4.4321600e-01 2.3794107e-01 -8.4654279e-03 -8.0747706e-01 6.9992489e-01
-3.2760948e-01 -4.3994594e-01 1.4413737e-02 9.9222225e-01 -8.5562116e-01 9.9017656e-01
-3.2349402e-01 3.2444954e-01 1.9486754e-01 3.6352915e-01 -9.5933580e-01 7.0336980e-01
-1.7636989e-01 1.1604796e-01 1.7868721e-01 7.1296297e-02 -8.9239818e-01 1.4867671e+00
-2.5373244e-01 -1.7441565e-01 5.9124254e-02 4.6241525e-01 -9.7810191e-01 1.3798959e+00
-1.7780562e-01 -3.1643873e-01 9.7390838e-02 2.0414960e-01 -1.0460074e+00 1.7730548e+00
-3.4741703e-01 -4.8968321e-01 -1.2789592e-02 9.8856592e-01 -8.4715396e-01 1.0286657e+00
-2.6147953e-01 -2.9457563e-01 1.1835089e-01 7.4725980e-01 -9.0817595e-01 1.2776167e+00
-2.7838522e-01 -9.8467195e-01 -1.7638105e-01 7.0475960e-01 -1.1214198e+00 1.9632692e+00
-2.5549340e-01 -3.3036721e-01 2.7498968e-02 4.6375149e-01 -9.4331199e-01 1.3139706e+00
-2.2506106e-01 3.7513003e-01 1.9280086e-01 -5.8978632e-02 -8.8444972e-01 7.6931298e-01
-2.2211903e-01 3.3863038e-01 2.1874860e-01 4.5027696e-03 -8.3350295e-01 6.0225827e-01
-1.6728236e-01 5.0297946e-01 2.4984366e-01 -1.5058836e-01 -7.4392807e-01 8.0092978e-01
-2.4780345e-01 -9.0239930e-01 -2.4411708e-01 4.5684657e-01 -9.3031228e-01 1.6204631e+00
-2.6257136e-01 2.8741717e-01 1.5772156e-01 1.4461173e-01 -9.4745696e-01 6.8625885e-01
-2.6348323e-01 -9.5678902e-01 -2.4321806e-01 5.6029117e-01 -9.8595494e-01 1.6334739e+00
-2.8679752e-01 -1.2236474e+00 -2.9339337e-01 6.4375168e-01 -8.8418508e-01 1.3912376e+00
-2.6831770e-01 -2.0530391e-01 5.6086555e-02 5.4098177e-01 -1.0173357e+00 1.5801105e+00
-2.4258849e-01 1.6511880e-01 1.2207976e-01 -6.2630773e-03 -8.7390965e-01 1.0740451e+00
-2.0064631e-01 5.9709561e-01 2.5527427e-01 -1.0977850e-01 -8.3947730e-01 7.3852420e-01
-2.6416716e-01 -9.2783177e-01 -2.3640135e-01 5.5451274e-01 -9.8955125e-01 1.6359811e+00
-3.3292937e-01 3.3401203e-01 1.9613984e-01 3.3718395e-01 -9.5541155e-01 7.2855312e-01
-2.9197860e-01 2.9531595e-01 1.8080740e-01 1.8990150e-01 -9.5391786e-01 7.0900750e-01
-2.9118046e-01 -8.7214106e-01 -1.8598378e-01 3.5890460e-01 -7.9346329e-01 1.0157801e+00
-2.5515160e-01 -1.0741961e+00 -3.0393198e-01 4.7822013e-01 -8.5875940e-01 1.5077604e+00
-1.4596084e-01 1.9650050e-01 1.7128529e-01 -5.5557311e-01 -7.2618991e-01 8.8938177e-01
-2.1669365e-01 -5.2197888e-02 1.6673963e-01 3.1079718e-01 -8.9066368e-01 1.3993452e+00
-3.4847945e-01 -1.0971117e+00 -2.3052472e-01 7.2900045e-01 -8.5208356e-01 1.1785924e+00
-3.5730934e-01 3.6186662e-01 1.8738753e-01 3.1001148e-01 -9.7743672e-01 6.6045851e-01
-3.1391853e-01 -8.5539973e-01 -1.6724205e-01 4.2539442e-01 -8.4867758e-01 9.4476581e-01
-2.8663835e-01 4.1919735e-01 2.4786332e-01 1.3120881e-01 -8.5654962e-01 6.4909959e-01
-1.8791360e-01 -3.4994873e-01 9.5269084e-02 4.9298018e-01 -1.1838942e+00 2.0876503e+00
-3.1775367e-01 -7.9910117e-01 -1.3925308e-01 7.3207402e-01 -8.6542237e-01 1.0673217e+00
-3.1699616e-01 -1.0958360e+00 -2.5801736e-01 4.7437924e-01 -8.1110525e-01 1.1276006e+00
-2.3355949e-01 3.1655964e-01 1.9755974e-01 8.4754333e-02 -8.9403880e-01 6.5876508e-01
-2.4177703e-01 1.8817145e-01 1.2183388e-01 -1.7382696e-01 -8.4086597e-01 9.3365598e-01
-2.3401397e-01 2.0257598e-01 1.5993355e-01 -1.6026843e-01 -8.5289347e-01 7.5562310e-01
-2.7019104e-01 -1.8178883e-01 6.4882919e-02 5.8703530e-01 -1.0566962e+00 1.5935068e+00
-1.6147299e-01 2.6640612e-01 2.0562030e-01 -4.0960309e-01 -7.5197983e-01 8.1008130e-01
-2.5693145e-01 -8.8572609e-01 -2.4518311e-01 5.1525033e-01 -9.3032098e-01 1.5526984e+00
-2.1407266e-01 6.0304785e-01 2.4560928e-01 -4.8903070e-02 -8.9234138e-01 7.2033966e-01
-2.3022920e-01 -2.8635645e-01 6.1455511e-02 5.5087352e-01 -1.0115415e+00 1.6038597e+00
-2.6314232e-01 -9.3173599e-01 -1.4684635e-01 7.1072793e-01 -1.1524423e+00 2.0383260e+00
-1.8447605e-01 2.3982209e-01 1.4509815e-01 -1.7336568e-01 -9.0848267e-01 7.4125779e-01
-2.6528722e-01 -1.9140595e-01 6.4154238e-02 5.4983765e-01 -1.0641780e+00 1.6194386e+00
-3.0471668e-01 2.9438278e-01 1.7607029e-01 1.4917472e-01 -9.4337571e-01 6.5322530e-01
-1.3198112e-01 9.6504658e-02 1.4077495e-01 -6.5396142e-01 -7.1957493e-01 9.4075137e-01
-3.1879544e-01 2.9697013e-01 1.8275587e-01 3.7000600e-01 -9.9117655e-01 7.1489882e-01
-2.3901990e-01 -5.6327367e-01 -6.2490582e-02 3.5781184e-01 -9.2977655e-01 1.3488736e+00
-1.7312263e-01 1.5862557e-01 1.8056628e-01 1.0389203e-01 -8.7704098e-01 1.4182364e+00
-1.9013177e-01 7.2815949e-01 2.7466029e-01 -1.7836261e-01 -8.6256713e-01 7.2800547e-01
-3.3594054e-01 -5.5510789e-01 -2.5424868e-02 1.0012494e+00 -8.6489624e-01 1.0751665e+00
-2.3362228e-01 4.0999198e-01 2.3755996e-01 1.1381403e-01 -8.3671272e-01 6.3666296e-01
-3.1391603e-01 -1.2274022e+00 -3.2991505e-01 5.6506896e-01 -9.0572304e-01 1.2389412e+00
-2.8028932e-01 -3.5101861e-02 1.1138077e-01 4.3091470e-01 -1.0367142e+00 1.4038444e+00
-1.8168588e-01 2.8666946e-01 1.9093017e-01 -2.0019275e-01 -7.8037095e-01 6.8518579e-01
-1.5970856e-01 2.9092234e-01 2.1455997e-01 -3.9669281e-01 -7.4112844e-01 8.0902898e-01
-2.2080407e-01 3.3233017e-01 2.0357883e-01 2.8085973e-02 -8.2385355e-01 6.5057921e-01
-2.9966712e-01 5.0816500e-01 2.4327046e-01 2.1205199e-01 -8.6687785e-01 6.7352092e-01
-2.3473415e-01 2.4630976e-01 1.6211538e-01 4.5451775e-02 -8.7879491e-01 6.8886459e-01
-1.7309843e-01 6.0058820e-01 2.5816718e-01 -1.0789493e-01 -7.6252902e-01 7.8524327e-01
-2.7278233e-01 3.7943161e-01 2.2899473e-01 8.2247540e-02 -8.5933453e-01 6.6924983e-01
-1.3454363e-01 8.9873388e-02 1.4005436e-01 -6.4882833e-01 -7.2625422e-01 9.5343387e-01
-1.7806198e-01 -1.0261185e-02 1.4274614e-01 2.2944626e-01 -8.7557524e-01 1.4619616e+00
-2.2895910e-01 -5.0797510e-01 -2.6842490e-02 3.3394274e-01 -9.9092466e-01 1.5205822e+00
-9.1334917e-02 6.3256639e-01 2.4360749e-01 -2.0098647e-01 -8.6952388e-01 8.6636513e-01
-2.4997395e-01 -2.6796049e-01 1.2723640e-01 7.1705830e-01 -9.0339965e-01 1.2610164e+00
-3.2686931e-01 3.4491232e-01 1.9932897e-01 3.0394423e-01 -9.5338517e-01 7.0693308e-01
-3.0601993e-01 -7.8274852e-01 -1.5627500e-01 3.8305008e-01 -8.2803255e-01 9.5979869e-01
-2.2931902e-01 2.9342574e-01 1.8048848e-01 7.7177130e-02 -9.0096676e-01 6.7409229e-01
-2.3959288e-01 -1.0066495e+00 -2.2520629e-01 4.5338270e-01 -9.6997339e-01 1.4900221e+00
-1.8630044e-01 3.9738217e-01 2.2343057e-01 -8.2930438e-02 -7.6720357e-01 7.8401452e-01
-1.7694896e-01 1.4511929e-01 1.8457170e-01 -4.7861189e-01 -8.1444776e-01 7.1816075e-01
-2.3732103e-01 -9.6099329e-01 -2.0076081e-01 4.5652336e-01 -1.0105960e+00 1.5847340e+00
-1.8931045e-01 6.4706302e-01 2.6403069e-01 3.3819813e-02 -9.4005346e-01 1.0715117e+00
-2.3244800e-01 1.6708943e-01 1.3635413e-01 -1.7225200e-01 -8.4252125e-01 7.9988503e-01
-2.2235003e-01 6.6347194e-01 2.7319694e-01 -3.9889030e-02 -8.7213010e-01 7.1541244e-01
-3.3319712e-01 3.3265910e-01 1.9451591e-01 2.8964648e-01 -9.6355802e-01 6.8933249e-01
-3.3685884e-01 -1.0328141e+00 -1.9452408e-01 7.4237019e-01 -8.3225614e-01 1.1576779e+00
-2.1411070e-01 2.3623611e-01 1.5337497e-01 -7.3790364e-02 -9.3240172e-01 7.6540667e-01
-2.4205342e-01 -4.0049267e-01 1.0831025e-01 7.4535465e-01 -8.7380797e-01 1.3401392e+00
-2.3902789e-01 1.7814195e-01 1.4575383e-01 -1.4310804e-01 -8.5321778e-01 7.7759755e-01
-3.1390104e-01 3.2004726e-01 1.8910091e-01 3.3879668e-01 -9.8008883e-01 7.0604813e-01
-2.8451204e-01 -1.2116534e+00 -1.7411759e-01 9.7875106e-01 -1.0560284e+00 1.9242344e+00
-2.9327393e-01 4.4026735e-01 2.3726192e-01 1.1920568e-01 -8.5225612e-01 6.4398026e-01
-1.5270089e-01 2.8897679e-01 2.0143217e-01 -3.5369805e-01 -7.0574343e-01 7.8916788e-01
-1.7307155e-01 -1.7723724e-01 1.3741276e-01 4.1303208e-01 -7.5254256e-01 1.4875627e+00
-3.0150911e-01 -1.0732939e+00 -1.4355829e-01 1.0772794e+00 -1.3201644e+00 2.4832230e+00
-1.0239780e-01 5.0900185e-01 2.0244932e-01 -1.6674176e-01 -8.9295560e-01 8.2863343e-01
-3.0107433e-01 3.1515336e-01 1.7977971e-01 1.4117929e-01 -9.3455994e-01 6.7846078e-01
-2.9857767e-01 -9.8247266e-01 -2.2648185e-01 4.1958484e-01 -8.5696375e-01 1.0146810e+00
-2.7390081e-01 3.8463244e-01 2.3178460e-01 9.7748563e-02 -8.6654216e-01 6.6722637e-01
-2.6643789e-01 1.7630786e-01 1.7375736e-01 3.4860054e-01 -8.8451290e-01 6.6819900e-01
-2.3513812e-01 -5.4111570e-01 -4.8191294e-02 3.3720011e-01 -9.5756221e-01 1.4264317e+00
-2.5369215e-01 -1.1561835e+00 -3.2553363e-01 5.0048763e-01 -8.3179426e-01 1.4803474e+00
-3.2787070e-01 -8.4879130e-01 -1.2809026e-01 7.6882738e-01 -7.8894711e-01 1.1222303e+00
-3.0137599e-01 -1.2408042e+00 -3.3499360e-01 5.3676856e-01 -7.8639781e-01 1.2835605e+00
-2.2498848e-01 3.2301623e-01 1.9891144e-01 -5.4238327e-03 -8.3196843e-01 6.4190084e-01
-2.2987758e-01 -3.3229101e-01 5.7601176e-02 5.7889241e-01 -1.0037744e+00 1.6905866e+00
-1.9339357e-01 5.8334005e-01 2.5634503e-01 -9.4549961e-02 -8.2404298e-01 7.2675949e-01
-2.3603263e-01 -3.6580798e-01 1.1210618e-01 7.2297013e-01 -8.7829781e-01 1.3038746e+00
-3.3059382e-01 3.3029667e-01 1.9400774e-01 3.7262157e-01 -9.6274966e-01 7.0229214e-01
-2.4242802e-01 -3.0481550e-01 4.8953697e-02 5.6221676e-01 -1.0158210e+00 1.5809619e+00
-2.8066623e-01 3.0419928e-01 1.6977639e-01 2.2320697e-01 -9.1041744e-01 6.6874284e-01
-3.0646241e-01 -9.5547056e-01 -2.1370488e-01 4.3103173e-01 -8.0156398e-01 1.1073883e+00
-2.6087978e-01 3.1793299e-01 1.8568103e-01 1.4091860e-01 -9.2410612e-01 6.9934487e-01
-2.8804946e-01 -8.8305569e-01 -1.7935014e-01 3.4086061e-01 -7.9416376e-01 9.5738047e-01
-2.6166311e-01 3.0217522e-01 1.9342911e-01 1.4234817e-01 -9.0420878e-01 6.2782919e-01
-2.5461093e-01 1.3962507e-01 1.1586858e-01 -1.8220872e-01 -8.6775726e-01 1.0243452e+00
-2.8836828e-01 4.1678169e-01 2.4788965e-01 1.4004788e-01 -8.5523063e-01 6.4505535e-01
-3.3845755e-01 3.3360642e-01 1.9276300e-01 2.9743510e-01 -9.7298896e-01 6.9902527e-01
-2.6217422e-01 3.3127725e-01 2.0410281e-01 1.1503338e-01 -8.9996898e-01 6.3847035e-01
-1.1407620e-01 -2.2127855e-01 1.1019772e-01 -3.0598500e-01 -8.3210623e-01 1.3685081e+00
-2.4710865e-01 2.9083323e-01 1.6727594e-01 9.2812419e-02 -9.0466046e-01 6.9299090e-01
-1.3299385e-01 1.1479609e-01 1.4416461e-01 -6.3932937e-01 -7.1530926e-01 9.3699157e-01
-2.9610479e-01 -1.2426511e+00 -3.3569518e-01 5.2379489e-01 -7.7971929e-01 1.2757142e+00
-2.5398767e-01 3.1399918e-01 1.9519971e-01 1.4771503e-01 -9.0360433e-01 6.3256055e-01
-2.8365955e-01 -9.0544295e-01 -1.8829736e-01 6.6797328e-01 -8.1478113e-01 1.1320423e+00
-2.0474860e-01 3.0508813e-01 1.9216087e-01 -7.7356823e-02 -8.1189322e-01 6.6811490e-01
-2.3192489e-01 -5.1703566e-01 -3.2850787e-02 4.6061638e-01 -1.0458022e+00 1.6882250e+00
-2.5309244e-01 -9.7871184e-01 -2.4253371e-01 5.3784859e-01 -9.7462648e-01 1.5985860e+00
-1.0109278e-01 5.6591052e-01 2.1790689e-01 -2.9200694e-01 -8.5945010e-01 7.8856915e-01
-2.8258771e-01 2.0712751e-01 1.6059716e-01 5.0484544e-01 -9.2122447e-01 7.2270542e-01
-2.2801349e-01 2.9605088e-01 1.9214325e-01 5.1976543e-02 -8.5416067e-01 6.6535759e-01
-1.3738486e-01 4.6648401e-01 2.0099419e-01 -7.6160505e-03 -8.8917619e-01 8.1508654e-01
-1.6970883e-01 2.7964510e-02 1.4968497e-01 -5.1449829e-01 -8.5522681e-01 7.7834386e-01
-2.8670725e-01 3.9380822e-01 2.3424906e-01 1.2374701e-01 -8.5793906e-01 6.3985592e-01
-2.4345179e-01 -4.2476785e-01 1.0155765e-01 7.5666136e-01 -8.5873103e-01 1.3443460e+00
-2.1235606e-01 -2.7703744e-01 9.7350940e-02 5.1705205e-01 -9.1543174e-01 1.6223642e+00
-3.4241980e-01 3.2845372e-01 1.9250269e-01 3.8956764e-01 -9.7720522e-01 7.2025591e-01
-1.6070420e-01 2.9120064e-01 2.1375225e-01 -3.9338708e-01 -7.4431354e-01 8.0594599e-01
-2.4604791e-01 -2.2459976e-02 1.6111067e-01 3.3602652e-01 -1.0236244e+00 1.4966044e+00
-1.9267541e-01 7.5389624e-01 2.8435963e-01 -1.5892351e-01 -8.5532224e-01 7.2520089e-01
-2.1548450e-01 1.8920803e-01 1.5750200e-01 -2.2198209e-01 -8.2769465e-01 7.5859094e-01
-2.2867253e-01 5.1017708e-01 2.3224476e-01 -2.0545863e-02 -9.0224940e-01 7.3226291e-01
-2.0548743e-01 2.0994048e-01 1.9946758e-01 -1.2121239e-01 -8.5157180e-01 8.3952349e-01
-2.4945167e-01 2.9214212e-01 1.7164966e-01 1.0070805e-01 -9.0485698e-01 6.9183463e-01
-2.0302686e-01 3.2025743e-01 2.0213464e-01 -6.5697402e-02 -8.2326156e-01 5.9481311e-01
-2.6186267e-01 -9.3726540e-01 -1.3560417e-01 7.6346231e-01 -1.1504726e+00 2.0386903e+00
-3.4590298e-01 3.2031286e-01 1.8835831e-01 4.1542915e-01 -1.0028983e+00 7.0709395e-01
-1.0132949e-01 5.1622951e-01 2.0356537e-01 -1.7033070e-01 -8.8739562e-01 8.2519215e-01
-2.5020751e-01 -9.1086459e-01 -2.5088349e-01 4.5432115e-01 -9.2110282e-01 1.5941527e+00
-3.2678181e-01 -5.0480807e-01 -1.1790946e-02 9.8590386e-01 -8.6105138e-01 1.0407854e+00
-2.2750022e-01 -5.7713634e-01 -3.6777139e-02 5.6304491e-01 -1.0807362e+00 1.8356926e+00
-2.5828302e-01 -2.8416094e-01 1.2118510e-01 7.3588097e-01 -9.0863937e-01 1.2728891e+00
-2.4480587e-01 -4.1460693e-01 1.0620774e-01 7.4908245e-01 -8.5905427e-01 1.3597522e+00
-1.9894573e-01 3.0907094e-01 1.9816926e-01 -1.2369721e-01 -8.0142140e-01 6.6620541e-01
-2.7096611e-01 3.0879998e-01 1.8267173e-01 1.6184863e-01 -9.3621171e-01 7.0699859e-01
-1.6551065e-01 1.9785738e-01 1.5687376e-01 -3.4143007e-01 -7.7429754e-01 5.5975807e-01
-2.3031312e-01 -1.0056466e-02 1.3676900e-01 1.5662974e-01 -9.4851297e-01 1.2437276e+00
-2.4123284e-01 2.4043483e-01 1.5846226e-01 6.1977252e-02 -8.9218885e-01 6.9241053e-01
-1.8861261e-01 2.4190651e-01 2.0080233e-01 -2.9826865e-01 -8.0077833e-01 6.4787000e-01
-2.8306326e-01 4.2486218e-01 2.5051418e-01 1.2011225e-01 -8.5134971e-01 6.4749241e-01
-2.1095340e-01 3.0939078e-01 2.0472935e-01 -6.8671525e-02 -8.2596046e-01 6.0124081e-01
-2.3382908e-01 2.9206565e-01 1.8409164e-01 9.2012502e-02 -9.0000510e-01 6.6604757e-01
-2.3148818e-01 -5.0325775e-01 -2.8277233e-02 4.3987125e-01 -1.0398941e+00 1.6701267e+00
-2.3503178e-01 -6.5846336e-01 -2.9799849e-02 6.6829640e-01 -1.1587847e+00 2.0472560e+00
-2.0836806e-01 1.3714671e-01 1.8446688e-01 -2.2126889e-01 -9.3287861e-01 1.2163837e+00
-3.1076539e-01 -7.8387314e-01 -1.4344406e-01 3.5569555e-01 -8.6378354e-01 9.0250397e-01
-2.5172111e-01 -3.2754976e-01 3.5081819e-02 5.0662196e-01 -9.7749263e-01 1.4380550e+00
-2.1087229e-01 3.0127570e-01 1.8586004e-01 -4.3208882e-02 -8.1623107e-01 6.7014921e-01
-2.6122439e-01 3.6294529e-01 2.2666347e-01 6.5631911e-02 -8.7837183e-01 6.5100640e-01
-3.2721609e-01 -8.9297432e-01 -1.8170035e-01 4.4284075e-01 -8.6459708e-01 9.8086154e-01
-1.8322004e-01 3.3956176e-01 1.8822254e-01 -1.0807868e-02 -8.7848884e-01 7.5313681e-01
-1.7750996e-01 1.2893967e-01 1.8709081e-01 7.1332328e-02 -8.8951707e-01 1.4784958e+00
-2.5755203e-01 3.1417358e-01 1.8255745e-01 1.0975415e-01 -9.0982097e-01 6.8002445e-01
-2.2560313e-01 3.5804087e-01 1.9387811e-01 -7.2878212e-02 -8.5891271e-01 7.9106033e-01
-1.7811666e-01 -1.9306740e-01 1.4581485e-01 3.7546223e-01 -7.9914761e-01 1.5961945e+00
-2.1702598e-01 -8.1102774e-02 1.5630935e-01 3.4293336e-01 -8.7176383e-01 1.3577724e+00
-1.4718615e-01 1.8008357e-01 1.6667712e-01 -5.6384546e-01 -7.3421848e-01 8.9999163e-01
-3.2965112e-01 -4.4617099e-01 1.2880065e-02 9.8657489e-01 -8.5195500e-01 9.8989463e-01
-2.1479760e-01 6.3944101e-01 2.7044874e-01 -9.7023360e-03 -8.3953589e-01 7.4605203e-01
-2.2441897e-01 1.5052645e-01 1.1704510e-01 1.4579916e-01 -8.3863199e-01 1.0436220e+00
-1.0470736e-01 5.9369516e-01 2.3032722e-01 -2.0405087e-01 -8.6368525e-01 8.2559025e-01
-2.6537588e-01 3.7162006e-01 2.3202267e-01 7.8700528e-02 -8.6649173e-01 6.5757215e-01
-2.3639357e-01 2.0393822e-01 1.2896332e-01 -1.8492562e-01 -8.3121502e-01 8.7769610e-01
-2.9862529e-01 -1.0537672e+00 -1.4452592e-01 1.0354236e+00 -1.3245932e+00 2.4885886e+00
-1.4564955e-01 4.0917358e-01 1.8334496e-01 -1.9606438e-01 -8.9255720e-01 7.5264537e-01
-1.7491618e-01 -1.2652677e-01 1.6099581e-01 3.7680021e-01 -7.7944541e-01 1.5158058e+00
-1.5951706e-01 6.1289209e-01 2.7351713e-01 -2.3571628e-01 -7.7370638e-01 7.6260751e-01
-2.3647989e-01 -9.3687558e-01 -1.7874169e-01 4.7682369e-01 -1.0457821e+00 1.6889298e+00
-2.6533478e-01 -1.9941366e-01 6.3922040e-02 5.4709435e-01 -1.0491117e+00 1.6407468e+00
-3.4642625e-01 3.1783175e-01 1.8617469e-01 4.1734421e-01 -1.0110967e+00 7.1607590e-01
-2.0119402e-01 3.1528866e-01 1.9982877e-01 -1.2489732e-01 -8.1569165e-01 6.1073166e-01
-2.8066623e-01 3.0419928e-01 1.6977639e-01 2.2320697e-01 -9.1041744e-01 6.6874284e-01
-2.2519058e-01 -2.4945444e-01 1.3701759e-01 5.5803019e-01 -8.4738648e-01 1.3658788e+00
-2.3713177e-01 -3.4629452e-01 1.1442679e-01 7.1879780e-01 -8.8924539e-01 1.3068262e+00
-2.0800120e-01 3.1814650e-01 2.1286537e-01 -6.3513592e-02 -8.2227099e-01 6.0892373e-01
-2.3073789e-01 -6.3667071e-01 -2.7450666e-02 6.7636156e-01 -1.1687542e+00 2.0692990e+00
-1.0633872e-01 -1.2514593e-01 1.0338758e-01 -5.0457424e-01 -7.4232060e-01 9.2991602e-01
-3.0623940e-01 -8.5109651e-01 -1.7075419e-01 4.3804979e-01 -8.2311898e-01 9.6171087e-01
-2.0919292e-01 1.9922656e-01 1.9899586e-01 -1.1914729e-01 -8.5721719e-01 8.5449284e-01
-2.7874124e-01 1.1596179e-01 1.4471239e-01 6.0097414e-01 -9.0041202e-01 7.6397038e-01
-2.6826897e-01 -4.5525283e-01 5.5796854e-02 8.8657260e-01 -1.0692495e+00 1.5959423e+00
-2.5575766e-01 -1.9761133e-01 4.6207443e-02 4.7061130e-01 -9.5754409e-01 1.3155222e+00
-2.6273644e-01 -9.1624546e-01 -1.2791872e-01 7.3749560e-01 -1.1562402e+00 2.0518620e+00
-2.3484261e-01 -8.2863349e-01 -1.2468988e-01 5.1068717e-01 -1.1109993e+00 1.8555291e+00
-3.4109035e-01 -3.2413980e-01 1.9823045e-02 8.9570963e-01 -8.5084671e-01 9.4200873e-01
-3.4072781e-01 -4.8566079e-01 -1.2497991e-02 9.7879684e-01 -8.4494632e-01 1.0212667e+00
-1.8853872e-01 -2.0975408e-01 1.0872956e-01 3.5705626e-01 -8.7865770e-01 1.6493509e+00
-2.1945336e-01 6.0919416e-01 2.6003382e-01 -1.5586585e-02 -8.6000091e-01 6.9681156e-01
-2.2506373e-01 3.4146410e-01 2.2129989e-01 4.1933987e-02 -8.4245402e-01 6.1674070e-01
-2.5009325e-01 -9.4595635e-01 -2.0622587e-01 5.7267827e-01 -1.0499607e+00 1.7603953e+00
-2.3639357e-01 2.0393822e-01 1.2896332e-01 -1.8492562e-01 -8.3121502e-01 8.7769610e-01
-1.4227903e-01 2.6014253e-01 2.2770673e-01 -2.7960646e-01 -8.1993222e-01 1.2169691e+00
-3.2761043e-01 3.2834578e-01 1.9274324e-01 3.5306036e-01 -9.5697260e-01 7.1089804e-01
-3.4573048e-01 3.1704378e-01 1.8760169e-01 4.0325540e-01 -1.0080049e+00 7.0518762e-01
-3.4758496e-01 -1.1086209e+00 -2.3213065e-01 7.4616748e-01 -8.4643859e-01 1.1906753e+00
-1.2387021e-01 -7.8660250e-03 1.1056047e-01 -6.0825014e-01 -7.2598499e-01 6.6352403e-01
-2.4258849e-01 1.6511880e-01 1.2207976e-01 -6.2630773e-03 -8.7390965e-01 1.0740451e+00
-1.7358017e-01 3.6191621e-01 1.6259120e-01 2.3091137e-03 -9.3137807e-01 7.5972706e-01
-1.5003644e-01 4.1644645e-01 1.8430471e-01 -5.8684722e-02 -9.1187668e-01 7.8554803e-01
-3.3680141e-01 3.2873273e-01 1.9053376e-01 3.8071042e-01 -9.7142953e-01 7.0710492e-01
-2.4181029e-01 1.7748615e-01 1.4545535e-01 -1.7094699e-01 -8.6352450e-01 7.8729546e-01
-2.8789681e-01 -8.6975425e-01 -1.9618779e-01 3.3932424e-01 -7.9074627e-01 1.0335650e+00
-2.1833347e-01 2.8241950e-01 2.0587808e-01 -1.1945587e-01 -8.3394712e-01 7.2816014e-01
-3.0524796e-01 -9.6291816e-01 -2.1849927e-01 3.5883570e-01 -8.0594718e-01 1.0526763e+00
-2.1085793e-01 7.2495735e-01 2.8586069e-01 -7.8006431e-02 -8.6916369e-01 7.2731471e-01
-2.6037088e-01 -6.3995308e-01 1.9120112e-02 9.2020875e-01 -1.0452532e+00 1.6775949e+00
-1.5252092e-01 3.6929616e-01 1.8989231e-01 -2.3291317e-01 -8.8357866e-01 7.8492683e-01
-2.5608602e-01 5.2910572e-01 2.3786077e-01 1.3211414e-01 -8.5408294e-01 6.7631400e-01
-3.0649281e-01 4.9191421e-01 2.3821063e-01 1.8029609e-01 -8.6222768e-01 6.5832096e-01
-1.8593659e-01 2.7393469e-01 2.1314085e-01 -2.1352822e-01 -9.2689347e-01 1.2340453e+00
-3.4800884e-01 -5.2580482e-01 -3.3627510e-02 9.8217416e-01 -8.7654269e-01 1.0828302e+00
-1.7285153e-01 -4.5116222e-01 7.6786496e-02 2.0040178e-01 -1.0802585e+00 1.9359739e+00
-2.1794891e-01 -8.7155432e-02 1.5641275e-01 3.8192251e-01 -8.6674064e-01 1.3287753e+00
-2.2441897e-01 1.5052645e-01 1.1704510e-01 1.4579916e-01 -8.3863199e-01 1.0436220e+00
-1.9374588e-01 2.5216734e-01 1.8098749e-01 -1.8739206e-01 -8.1420350e-01 6.2731898e-01
-1.9785318e-01 3.1776747e-01 1.8923382e-01 -2.8445378e-02 -8.7340808e-01 7.1988171e-01
-2.3310213e-01 2.8776115e-01 1.8181385e-01 8.6085811e-02 -8.9916247e-01 6.6675729e-01
-1.4319761e-01 3.6322361e-01 1.8131092e-01 -2.2584030e-01 -8.7170386e-01 7.7280831e-01
-3.0779117e-01 2.8190416e-01 1.6844326e-01 3.7559521e-01 -9.7290832e-01 6.9285035e-01
-2.0547676e-01 4.1280463e-01 2.2334155e-01 -4.6773754e-02 -8.0183667e-01 7.3155755e-01
-2.1747461e-01 5.4101944e-01 2.3265755e-01 -2.9480606e-02 -8.8745624e-01 7.4409419e-01
-2.3902789e-01 1.7814195e-01 1.4575383e-01 -1.4310804e-01 -8.5321778e-01 7.7759755e-01
-2.7110153e-01 -2.7904591e-01 1.7782822e-02 5.0111073e-01 -9.2769951e-01 1.2488000e+00
-1.4772536e-01 4.4725120e-01 1.9829829e-01 -2.2149485e-01 -8.7546909e-01 7.5999522e-01
-1.7368273e-01 1.6520044e-01 2.0084542e-01 1.2144419e-01 -8.9499897e-01 1.5414979e+00
-2.9233629e-01 2.5466114e-01 1.6731095e-01 3.8739312e-01 -9.4349349e-01 7.0403522e-01
-2.5834647e-01 3.1768829e-01 1.9868623e-01 1.4441249e-01 -9.0272552e-01 6.2988228e-01
-2.2243768e-01 5.3410292e-01 2.3762313e-01 -2.8159507e-02 -8.9086384e-01 7.2745037e-01
-1.9011711e-01 5.9553558e-01 2.5605863e-01 -1.5755969e-01 -8.2186627e-01 7.3886645e-01
-2.3252749e-01 3.7917492e-01 2.2677685e-01 1.1347188e-01 -8.4152585e-01 6.4691842e-01
-2.1284607e-01 3.1632489e-01 1.9110829e-01 -2.5956780e-02 -8.1982917e-01 6.6213405e-01
-2.6554871e-01 -1.2329880e+00 -3.4724593e-01 4.9806875e-01 -7.9798228e-01 1.4112418e+00
-1.6544078e-01 6.0393780e-01 2.6766044e-01 -2.3352829e-01 -7.7597868e-01 7.5343007e-01
-1.5156823e-01 2.5538585e-01 2.0644474e-01 -4.7012299e-01 -7.2331858e-01 8.3499324e-01
-1.7337511e-01 6.6315919e-02 1.5983482e-01 -5.0793713e-01 -8.3668160e-01 7.5860447e-01
-3.1347811e-01 -1.1604121e+00 -2.9670805e-01 4.6751076e-01 -7.8772974e-01 1.2226906e+00
-3.5703760e-01 -4.6291697e-01 -2.3645476e-02 9.5522481e-01 -8.5889232e-01 1.0137568e+00
-3.1832492e-01 3.0899760e-01 1.8534622e-01 3.5228863e-01 -9.8627901e-01 7.1170843e-01
-1.7831795e-01 1.4531192e-01 1.6606532e-01 -4.0704623e-01 -8.2292938e-01 6.7373294e-01
-2.8957295e-01 -7.9990298e-01 -1.6197899e-01 3.5131133e-01 -7.9059583e-01 9.7775924e-01
-2.2163120e-01 3.2232895e-01 2.0333986e-01 5.6748979e-02 -8.4296715e-01 6.5916204e-01
-3.3480817e-01 -4.8223132e-01 -1.7395586e-02 9.7703630e-01 -8.7304550e-01 1.0151602e+00
-9.3962103e-02 5.6823570e-01 2.1661109e-01 -2.9616162e-01 -8.5601091e-01 7.8543204e-01
-2.5619429e-01 -2.7765423e-01 1.1538552e-01 6.8329656e-01 -9.8436278e-01 1.3479633e+00
-2.8015751e-01 -1.1003765e+00 -2.3599747e-01 6.7097026e-01 -1.0363519e+00 1.8003359e+00
-3.1356812e-01 3.2335111e-01 1.8809775e-01 3.4004200e-01 -9.7905236e-01 7.0314991e-01
-3.3198294e-01 -4.4051898e-01 -8.0617964e-03 9.4562107e-01 -8.6940134e-01 1.0004594e+00
-2.8676778e-01 -9.7751963e-01 -2.2283345e-01 3.6016589e-01 -8.0631047e-01 1.0169938e+00
-2.8561619e-01 -1.7129704e-01 3.4827955e-02 5.9961307e-01 -8.8783276e-01 1.0830679e+00
-2.0805946e-01 2.2154674e-01 1.8915135e-01 -1.3003901e-01 -8.2423389e-01 7.3040420e-01
-2.4818173e-01 -7.9932559e-01 -8.9607209e-02 6.8709868e-01 -1.1210335e+00 1.9509709e+00
-3.2618147e-01 -1.2584478e+00 -3.0063370e-01 6.9539583e-01 -8.6795890e-01 1.2905915e+00
-3.3542669e-01 -5.5468893e-01 -2.0756900e-02 1.0146939e+00 -8.6003566e-01 1.0778614e+00
-2.0584550e-01 -3.2580686e-01 1.0105678e-01 5.5043709e-01 -9.0309536e-01 1.7187142e+00
-1.3883942e-01 4.1910806e-01 1.8285364e-01 -2.1289212e-01 -8.9052749e-01 7.5996733e-01
-2.9204538e-01 -1.0349654e+00 -1.4288804e-01 9.8540711e-01 -1.3199110e+00 2.4886875e+00
-1.5328409e-01 5.5448824e-01 2.7717447e-01 -3.0785006e-01 -7.3633230e-01 8.1928515e-01
-1.2796253e-01 4.3599787e-01 2.0767334e-01 -2.6743916e-01 -8.7141746e-01 7.9986948e-01
-1.1638711e-01 1.4650851e-02 1.3305192e-01 -7.6269484e-01 -7.4393028e-01 1.0883579e+00
-2.7263722e-01 -3.7224096e-01 -1.0639951e-02 7.0802665e-01 -7.9740798e-01 9.9990988e-01
-2.2516352e-01 3.4491777e-01 1.9683838e-01 -1.1770501e-01 -8.5149401e-01 8.0123305e-01
-1.1991675e-01 4.6553081e-01 1.9283727e-01 -1.5155968e-01 -9.1098821e-01 8.1632930e-01
-2.1066853e-01 2.7629966e-01 1.7845836e-01 -8.8474028e-02 -8.1368983e-01 6.7921442e-01
-2.5487435e-01 -8.5826045e-01 -1.0623334e-01 7.6363295e-01 -1.1705308e+00 2.0801079e+00
-2.0200215e-01 2.9890782e-01 1.9482471e-01 -9.8734193e-02 -8.2253206e-01 5.9829962e-01
-3.3097672e-01 -2.7151504e-01 6.1644204e-02 9.5225096e-01 -8.3556098e-01 9.3495035e-01
-1.3914889e-01 1.7189994e-01 1.5952644e-01 -6.0697794e-01 -7.1156520e-01 8.7977159e-01
-1.7622204e-01 1.3684177e-01 1.8790461e-01 9.8473370e-02 -8.9559168e-01 1.4881539e+00
-2.4957511e-01 -9.6061468e-01 -2.2218791e-01 5.9937400e-01 -1.0377897e+00 1.7453082e+00
-2.9374593e-01 -2.8294721e-01 7.4714720e-03 7.0500362e-01 -8.1524956e-01 9.5169640e-01
-3.1523407e-01 -6.5946645e-01 -8.3194643e-02 8.3744568e-01 -7.7024370e-01 1.0649817e+00
-1.1365215e-01 -5.1749498e-03 1.2905024e-01 -7.8031594e-01 -7.3761868e-01 1.0827874e+00
-3.4998149e-01 3.4988043e-01 1.9370922e-01 3.0729944e-01 -9.7867686e-01 6.9565117e-01
-1.6516495e-01 3.6493886e-01 2.3208539e-01 -2.7186736e-01 -7.3147088e-01 8.5072571e-01
-1.3376132e-01 1.1793494e-01 1.4590611e-01 -6.3859385e-01 -7.1629578e-01 9.3853688e-01
-2.0777664e-01 2.4599674e-01 1.9249211e-01 -1.1477245e-01 -8.1474906e-01 6.6917926e-01
-1.2988918e-01 4.3929496e-01 1.8787360e-01 -1.0848271e-01 -9.2409641e-01 8.1211030e-01
-1.6695260e-01 3.8073784e-01 1.6567762e-01 2.1314621e-04 -9.3924475e-01 7.7501160e-01
-1.5072125e-01 2.5796127e-01 2.0708019e-01 -4.8427504e-01 -7.2085714e-01 8.4098732e-01
-1.1286730e-01 3.1051561e-03 1.3005084e-01 -7.8010398e-01 -7.3497242e-01 1.0779803e+00
-2.6993406e-01 -1.8495554e-01 4.9369171e-02 5.5314505e-01 -9.5823538e-01 1.4180170e+00
-2.3562707e-01 3.5128641e-01 2.0476334e-01 4.2183086e-02 -8.3432227e-01 6.2838900e-01
-1.6785981e-01 3.8873658e-01 1.9314086e-01 1.3302028e-02 -8.8751608e-01 7.8192329e-01
-2.8330210e-01 2.9531661e-01 1.8341962e-01 2.0551747e-01 -9.2732674e-01 6.8904287e-01
-3.0750352e-01 2.9247645e-01 1.7312539e-01 3.5296360e-01 -9.7145820e-01 6.8634903e-01
-2.2702451e-01 3.6122465e-01 1.9640586e-01 -6.9460735e-02 -8.4723419e-01 7.6578212e-01
-1.7294200e-01 3.8886216e-01 2.3478636e-01 -2.0501611e-01 -7.4058217e-01 8.0216986e-01
-2.2208309e-01 4.5121260e-02 1.3543959e-01 1.6872254e-01 -9.4298840e-01 1.3221412e+00
-2.4322340e-01 3.1465101e-01 1.9590718e-01 1.0941481e-01 -8.9918208e-01 6.5072340e-01
-3.2320979e-01 -1.1910711e-01 1.1429361e-01 9.4139308e-01 -8.4118831e-01 8.8388586e-01
-1.7631370e-01 1.0090443e-01 1.6517653e-01 -4.9232280e-01 -8.4052932e-01 7.1468431e-01
-2.8834084e-01 -9.7014499e-01 -2.1569592e-01 3.8220638e-01 -8.2169664e-01 1.0128651e+00
-1.9469801e-01 6.8919849e-01 2.7435923e-01 -3.7713647e-02 -8.2781374e-01 7.5948256e-01
-2.1051989e-01 3.2484317e-01 2.1839525e-01 -7.0664547e-02 -8.2068467e-01 6.1899370e-01
-1.6498779e-01 2.6072153e-01 2.0153499e-01 -3.9574775e-01 -7.5967062e-01 7.9774880e-01
-2.2150719e-01 3.4308684e-01 2.2180872e-01 9.5070563e-03 -8.3424771e-01 6.1114019e-01
-3.3909148e-01 3.1478566e-01 1.8577123e-01 4.0432152e-01 -1.0106661e+00 7.1956158e-01
-1.8787558e-01 -1.3330472e-01 1.2673773e-01 3.2090944e-01 -8.9668566e-01 1.6297358e+00
-2.7134341e-01 -4.0045130e-01 -1.4947861e-02 6.3125354e-01 -8.2794857e-01 1.1217735e+00
-3.0171996e-01 -7.6073575e-01 -9.9508852e-02 7.8393221e-01 -7.3686427e-01 1.0973632e+00
-3.1395471e-01 -1.2717321e+00 -3.0475119e-01 6.9190359e-01 -8.7423450e-01 1.3416054e+00
-2.1836410e-01 3.1863609e-01 1.9605204e-01 -1.9043997e-02 -8.2696557e-01 6.5472084e-01
-3.2349554e-01 3.2427472e-01 1.8677601e-01 3.6421898e-01 -9.9323148e-01 7.0535541e-01
-2.3021220e-01 2.9647255e-01 1.7595531e-01 8.6059079e-02 -9.1164637e-01 6.9245684e-01
-8.1627347e-02 6.3580316e-01 2.3850733e-01 -2.6773739e-01 -8.6394978e-01 8.3645052e-01
-1.5290897e-01 5.2584028e-01 2.6170957e-01 -2.5303853e-01 -7.3357099e-01 8.3394754e-01
-1.7225015e-01 5.5982113e-01 2.5459301e-01 -1.3775891e-01 -7.6140833e-01 7.8319150e-01
-1.4510903e-01 3.3926538e-01 1.7321683e-01 -2.0779157e-01 -8.7592810e-01 7.7025670e-01
-3.3706313e-01 -4.7339761e-01 -3.7945658e-03 9.8615581e-01 -8.4753001e-01 1.0121627e+00
-1.7859969e-01 -3.0937189e-01 1.0366666e-01 3.2190955e-01 -1.1011213e+00 1.8992355e+00
-3.1408036e-01 -8.6930907e-01 -1.6652277e-01 7.2579771e-01 -8.4827542e-01 1.0810935e+00
-2.2668001e-01 3.5126287e-01 1.9384275e-01 -7.8973673e-02 -8.6221778e-01 7.7109087e-01
-2.7430266e-01 2.7730438e-01 1.8106410e-01 1.3807184e-01 -9.1560096e-01 6.2616146e-01
-1.9019020e-01 7.4459666e-01 2.8045526e-01 -1.5575284e-01 -8.5740465e-01 7.3371744e-01
-2.6448277e-01 -2.6016128e-01 1.2642984e-01 7.0893121e-01 -9.2150396e-01 1.2485212e+00
-2.5098634e-01 -1.0925528e+00 -3.0954638e-01 4.8649982e-01 -8.5470867e-01 1.5288613e+00
-2.5655788e-01 1.3770483e-01 1.1595359e-01 -1.5057641e-01 -8.8887703e-01 1.0795903e+00
-1.1997505e-01 4.7221878e-01 1.9456840e-01 -2.5884223e-01 -8.7575704e-01 7.6851451e-01
-3.0243880e-01 -8.6621523e-01 -1.4136854e-01 7.4650133e-01 -7.3727226e-01 1.1358180e+00
-2.2622864e-01 -4.7948933e-01 -1.2453124e-02 3.6215520e-01 -1.0365260e+00 1.6392105e+00
-2.9276407e-01 4.8097187e-01 2.3152645e-01 1.6380221e-01 -8.5543108e-01 6.5442687e-01
-2.5731179e-01 -4.3362856e-02 1.3138282e-01 3.7329075e-01 -1.0596626e+00 1.4781052e+00
-1.5878917e-01 3.6961541e-01 1.6672567e-01 -6.6710599e-02 -9.1923225e-01 7.6438725e-01
-1.9794625e-01 3.4411782e-01 2.1387383e-01 -1.1965603e-01 -8.0216604e-01 5.6803626e-01
-3.2787442e-01 3.2610223e-01 1.8899447e-01 3.7250683e-01 -9.9866509e-01 7.0981830e-01
-3.3915180e-01 -6.0019630e-01 -3.0359209e-02 1.0451294e+00 -8.5730845e-01 1.1142988e+00
-2.6114506e-01 1.4575718e-01 1.2050100e-01 -7.5136662e-02 -9.1872787e-01 1.1280197e+00
-2.2074957e-01 -3.2181737e-01 7.8183472e-02 5.4528755e-01 -9.5136440e-01 1.6668079e+00
-3.2124013e-01 3.2300025e-01 1.8587309e-01 3.6139414e-01 -9.9012047e-01 7.0419335e-01
-1.9862725e-01 7.0088834e-01 2.7025133e-01 -1.5197968e-01 -8.6834383e-01 7.2560495e-01
-2.6247680e-01 -9.2127955e-01 -1.4947131e-01 6.7462015e-01 -1.1261578e+00 1.9718213e+00
-2.6439020e-01 1.9882929e-01 1.7850651e-01 3.2144588e-01 -8.7501103e-01 6.6555309e-01
-3.4092721e-01 -3.1859502e-01 4.1516297e-02 9.6151537e-01 -8.5467732e-01 9.4924593e-01
-3.3883733e-01 -8.5667378e-01 -1.3110441e-01 7.7019763e-01 -8.2307088e-01 1.1129539e+00
-2.9533884e-01 -9.3931437e-01 -2.0225623e-01 3.8311747e-01 -8.4109360e-01 9.8353738e-01
-2.6020712e-01 -4.9223751e-02 1.5402183e-01 4.1208118e-01 -1.0716686e+00 1.5734403e+00
-1.2611544e-01 4.4856542e-01 1.8895605e-01 -2.2681326e-01 -8.8932824e-01 7.7595782e-01
-2.4329621e-01 3.0149490e-01 1.9193994e-01 1.0858859e-01 -9.0338826e-01 6.5418869e-01
-2.7306378e-01 -5.8568284e-02 8.1584781e-02 4.8762885e-01 -9.5009351e-01 1.1998892e+00
-2.6895839e-01 -1.1557810e+00 -2.7244189e-01 6.3041466e-01 -8.8577920e-01 1.4111438e+00
-2.8717244e-01 -8.9495581e-01 -1.9786552e-01 3.5119566e-01 -7.9270262e-01 1.0464311e+00
-2.1011335e-01 3.1227809e-01 1.9478513e-01 -5.7347387e-02 -8.1920403e-01 6.5700912e-01
-1.6673338e-01 3.7063006e-01 1.6226366e-01 -1.5876036e-02 -9.4083285e-01 7.7739364e-01
-2.3031312e-01 -1.0056466e-02 1.3676900e-01 1.5662974e-01 -9.4851297e-01 1.2437276e+00
-1.4886829e-01 -4.2447335e-01 7.4176200e-02 -2.8047435e-02 -9.9327010e-01 1.7748392e+00
-2.1393654e-01 6.8674874e-01 2.6687026e-01 -4.2444386e-02 -8.4182411e-01 7.8316528e-01
-2.2945303e-01 -5.6071985e-01 -4.4611499e-02 5.1094741e-01 -1.0490007e+00 1.7355561e+00
-2.9049191e-01 -9.0155447e-01 -1.8279874e-01 3.5873997e-01 -8.2673043e-01 9.6905172e-01
-2.5649217e-01 3.2009375e-01 1.8548098e-01 1.1961029e-01 -9.1526848e-01 6.8934214e-01
-1.1418630e-01 8.3727911e-03 1.3080148e-01 -7.7526033e-01 -7.3453879e-01 1.0758306e+00
-3.0589488e-01 -1.2896428e+00 -3.1274536e-01 6.9685203e-01 -8.9218456e-01 1.3965249e+00
-2.7428651e-01 -2.9817709e-01 1.0377407e-02 5.0665909e-01 -8.9775288e-01 1.1565293e+00
-2.6050031e-01 -3.8767484e-01 7.7720419e-02 7.5704467e-01 -1.0125213e+00 1.4489282e+00
-3.3218551e-01 3.5136738e-01 1.8407378e-01 2.4190235e-01 -9.6084869e-01 6.7408246e-01
-2.0785072e-01 6.5070218e-01 2.6320857e-01 -9.6281074e-02 -8.7454778e-01 7.0272660e-01
-1.6412097e-01 3.6435157e-01 1.8107432e-01 -2.3336446e-01 -9.0863442e-01 8.1869745e-01
-1.9902752e-01 -5.1800764e-01 1.2675934e-02 5.8446229e-01 -1.2327335e+00 2.1633458e+00
-2.5129652e-01 3.0390972e-01 1.7732924e-01 9.8543413e-02 -9.0214407e-01 6.8380457e-01
-1.7114186e-01 1.7131725e-01 2.0461902e-01 1.3998219e-01 -8.8842362e-01 1.5334153e+00
-1.9922742e-01 7.1953255e-01 2.7110100e-01 -1.6015074e-01 -8.5711461e-01 7.1929020e-01
-1.9368397e-01 3.0500966e-01 1.9949171e-01 -1.5152389e-01 -8.0227327e-01 5.6660247e-01
-1.0678809e-01 4.9831510e-01 1.9768637e-01 -2.2033376e-01 -8.9005619e-01 8.0496871e-01
-2.2087099e-01 2.2460371e-01 1.6421658e-01 -1.5248561e-01 -8.2916868e-01 7.2561324e-01
-3.4750074e-01 3.1146342e-01 1.8487991e-01 4.4060627e-01 -1.0072726e+00 7.2211778e-01
-3.2559785e-01 -4.3794739e-01 2.1484494e-04 9.5384735e-01 -8.6155975e-01 9.9966389e-01
-1.5312798e-01 3.3726946e-01 2.3744121e-01 -1.9601035e-01 -8.2650751e-01 1.1751487e+00
-1.9339523e-01 3.0736944e-01 1.9879302e-01 -1.4244768e-01 -7.9201603e-01 6.6927475e-01
-1.6454090e-01 3.8674006e-01 1.8432269e-01 -2.0222515e-01 -8.7853384e-01 7.4153620e-01
-3.0226421e-01 -1.2326447e+00 -3.3172041e-01 5.4045784e-01 -7.8892368e-01 1.2864952e+00
-2.8432235e-01 -1.2698576e+00 -3.3449656e-01 6.1488527e-01 -9.5656765e-01 1.3614919e+00
-3.0982238e-01 3.3567482e-01 1.8478718e-01 1.7685443e-01 -9.3991333e-01 6.8393475e-01
-1.8275358e-01 3.6405140e-01 1.9010513e-01 -1.2072908e-01 -9.0643322e-01 7.8821582e-01
-3.2430822e-01 3.5046273e-01 2.0087239e-01 2.8776053e-01 -9.5401013e-01 7.0406187e-01
-1.7626873e-01 7.6243699e-02 1.8926279e-01 2.0691669e-01 -8.7948847e-01 1.4714150e+00
-2.1503086e-01 3.8755333e-01 2.3356992e-01 -9.7691268e-04 -8.2080209e-01 5.7883918e-01
-3.2659936e-01 -1.5130511e-01 1.0083219e-01 9.3349063e-01 -8.4533191e-01 8.8522428e-01
-2.2081366e-01 3.1935340e-01 1.9665074e-01 -1.1558272e-02 -8.2746112e-01 6.4886892e-01
-1.7596602e-01 2.8579500e-01 2.0867565e-01 -3.1321284e-01 -7.7071941e-01 7.8902942e-01
-2.5321174e-01 -1.0855731e+00 -2.5288138e-01 6.1988306e-01 -9.5312428e-01 1.5660853e+00
-1.5168573e-01 2.6546055e-01 2.0929846e-01 -4.5422101e-01 -7.2619045e-01 8.3399749e-01
-1.9218282e-01 -1.3958059e-02 1.7157502e-01 2.3028776e-01 -8.6536533e-01 1.4286323e+00
-1.7713144e-01 -4.5181736e-03 1.4447060e-01 2.3952997e-01 -9.0026999e-01 1.5049938e+00
-1.9162826e-01 2.8914189e-01 1.9093494e-01 -1.7065918e-01 -7.9954362e-01 5.6354046e-01
-2.2755025e-01 3.8545471e-01 1.9711538e-01 -5.9733994e-02 -8.8020313e-01 7.6400965e-01
-3.0487615e-01 -7.6204187e-01 -1.3190457e-01 4.3639064e-01 -8.3002806e-01 9.2858249e-01
-1.2959756e-01 4.8718005e-01 2.0171657e-01 -5.1403306e-02 -8.8879222e-01 8.0710411e-01
-3.5560247e-01 3.6019847e-01 1.8939602e-01 3.0852735e-01 -9.7540474e-01 6.7071176e-01
-1.4790738e-01 4.2754441e-01 1.8223131e-01 -3.4209877e-02 -9.2522901e-01 7.8704655e-01
-1.5996453e-01 3.6468455e-01 1.6649063e-01 -6.8481654e-02 -9.1851419e-01 7.6312131e-01
-1.7125958e-01 3.6116403e-01 1.6267915e-01 -9.2354231e-03 -9.3806022e-01 7.7066201e-01
-2.7369344e-01 -9.8300683e-01 -1.5389013e-01 8.4613723e-01 -1.2485512e+00 2.3198493e+00
-2.9104596e-01 -7.9060155e-01 -1.6195577e-01 3.6095726e-01 -7.9587185e-01 9.7530288e-01
-1.7187068e-01 1.5058459e-01 1.9374868e-01 1.0762235e-01 -8.9201206e-01 1.5339720e+00
-2.3377673e-01 4.8617470e-01 2.2093312e-01 1.1553243e-04 -9.0262365e-01 7.2287512e-01
-2.1614148e-01 -6.6426688e-01 -5.2641973e-02 5.3680825e-01 -1.1696703e+00 2.0010138e+00
-3.0792856e-01 -4.0828890e-01 1.6677380e-04 8.7307519e-01 -7.9235542e-01 9.7531867e-01
-3.0497503e-01 -9.0720499e-01 -1.8872651e-01 7.1844047e-01 -8.3541507e-01 1.0860553e+00
-2.2921848e-01 3.4203330e-01 1.8876694e-01 -2.7734034e-02 -8.3137524e-01 7.3026073e-01
-2.1254256e-01 2.2086945e-01 1.6351312e-01 -2.0786649e-01 -8.2371473e-01 7.3489898e-01
-8.7209024e-02 5.8623159e-01 2.2121859e-01 -3.0271605e-01 -8.6091006e-01 8.0065328e-01
-1.3342325e-01 1.1596028e-01 1.4491485e-01 -6.4121437e-01 -7.1574426e-01 9.3659115e-01
-1.0300399e-01 -1.0184699e-01 1.1784420e-01 -4.7196436e-01 -7.4240553e-01 9.5469022e-01
-2.4236625e-01 4.5029813e-01 2.2779435e-01 7.5647280e-02 -8.4730363e-01 7.0822519e-01
-2.4696635e-01 -1.0637001e+00 -2.4960893e-01 4.6988866e-01 -9.4013411e-01 1.4131514e+00
-2.0776002e-01 3.1076771e-01 1.9429182e-01 -6.9232479e-02 -8.1581086e-01 6.6392505e-01
-3.2853103e-01 -4.7944099e-01 -1.3034567e-02 9.6913075e-01 -8.6698943e-01 1.0288818e+00
-1.7807935e-01 -3.7275273e-01 9.0769306e-02 1.9352612e-01 -1.0609766e+00 1.8304958e+00
-1.2054767e-01 4.9880007e-01 2.0080495e-01 -8.3464183e-02 -8.9048290e-01 8.0932707e-01
-1.7797160e-01 9.5255725e-02 1.6351277e-01 -4.6483582e-01 -8.4217876e-01 7.1664852e-01
-3.1326851e-01 -1.0386434e+00 -2.4193373e-01 4.4919237e-01 -8.0788457e-01 1.1052095e+00
-2.1424994e-01 3.1718674e-01 1.9306326e-01 -2.6276521e-02 -8.2235926e-01 6.5906143e-01
-2.4164365e-01 3.4969303e-01 2.0335054e-01 4.5895945e-02 -8.4395689e-01 6.4295644e-01
-1.4097533e-01 2.2483371e-01 1.8703392e-01 -5.6433749e-01 -7.0770669e-01 8.8392591e-01
-1.6046107e-01 1.8655542e-01 1.8342894e-01 -4.7828829e-01 -7.6238692e-01 8.2002676e-01
-3.4339523e-01 -9.4508159e-01 -1.6312036e-01 7.7020472e-01 -8.2845712e-01 1.1298687e+00
-1.1098278e-01 5.1499200e-01 2.0404533e-01 -2.8970802e-01 -8.6303598e-01 7.6781797e-01
-2.8831753e-01 4.1642734e-01 2.4403670e-01 1.4275450e-01 -8.5574096e-01 6.3848084e-01
-1.6685271e-01 5.3471041e-01 2.5546038e-01 -1.5232196e-01 -7.4850053e-01 7.9574168e-01
-2.8517866e-01 -9.4276702e-01 -2.0669636e-01 3.5734102e-01 -8.0945039e-01 1.0004380e+00
-2.3801710e-01 3.4422123e-01 2.0192838e-01 3.4241196e-02 -8.3822304e-01 6.4010596e-01
-2.4298987e-01 3.0597079e-01 1.9304568e-01 1.1067120e-01 -9.0253109e-01 6.5565181e-01
-2.6194412e-01 3.7127584e-01 2.3030433e-01 7.1862727e-02 -8.7335402e-01 6.4891362e-01
-2.3178741e-01 2.8547633e-01 1.5918344e-01 4.9711734e-02 -9.3924987e-01 7.3509753e-01
-1.5302767e-01 -4.1753072e-01 7.2870269e-02 2.3966415e-02 -9.9879700e-01 1.7626386e+00
-2.2424483e-01 3.4417319e-01 2.1044523e-01 8.3154291e-02 -8.4729201e-01 6.6167271e-01
-2.5746378e-01 -9.4590986e-01 -2.6837003e-01 4.7501010e-01 -8.9009124e-01 1.5355526e+00
-1.4786634e-01 2.2658151e-01 1.9309705e-01 -5.2525753e-01 -7.2186244e-01 8.6320698e-01
-9.2447810e-02 5.7497859e-01 2.2011563e-01 -3.1355539e-01 -8.6070240e-01 7.9283291e-01
-2.8237748e-01 2.9433563e-01 1.7433926e-01 2.0351639e-01 -9.0831190e-01 6.3286602e-01
-3.2151961e-01 -1.3399903e-01 1.1186761e-01 9.0781969e-01 -8.3936054e-01 8.7764895e-01
-2.9457700e-01 2.9494065e-01 1.6793668e-01 2.5723472e-01 -9.4575024e-01 6.8868905e-01
-2.2355504e-01 3.3188772e-01 2.1037179e-01 4.4020806e-02 -8.2675695e-01 6.4954537e-01
-1.4302067e-01 2.1364450e-01 1.8473876e-01 -5.6080663e-01 -7.1744561e-01 8.8028115e-01
-2.2916937e-01 1.8578754e-01 1.2166487e-01 1.1816779e-01 -8.2517666e-01 1.0003822e+00
-2.6377711e-01 -1.7102718e-01 6.5762706e-02 5.4726940e-01 -1.0406798e+00 1.5602021e+00
-1.0953582e-01 5.8071655e-01 2.2973329e-01 -2.1133134e-01 -8.7662399e-01 8.2776618e-01
-1.3004957e-01 4.8312032e-01 1.9978371e-01 -6.0189210e-02 -8.8804519e-01 8.0187851e-01
-3.0318457e-01 3.0018422e-01 1.8211669e-01 3.2860342e-01 -9.6790165e-01 6.8479717e-01
-2.2382058e-01 -4.7298664e-01 -8.4312260e-03 3.7561250e-01 -1.0485163e+00 1.6787686e+00
-1.1319780e-01 7.3546916e-03 1.3088615e-01 -7.8539717e-01 -7.3044610e-01 1.0718031e+00
-2.6308358e-01 -8.2414436e-01 -1.6398755e-01 5.5796617e-01 -8.4369022e-01 1.2088869e+00
-1.9077240e-01 -3.5201070e-01 7.9911187e-02 4.8108259e-01 -1.1706724e+00 2.0142074e+00
-3.2948518e-01 -4.7795665e-01 -8.3036721e-04 9.8900181e-01 -8.5527897e-01 1.0040962e+00
-3.0259848e-01 4.5946100e-01 2.3681736e-01 1.5250877e-01 -8.5863012e-01 6.4547998e-01
-3.3481890e-01 3.1596160e-01 1.8812694e-01 4.1445681e-01 -9.9333680e-01 7.1689010e-01
-2.7957040e-01 -3.5646304e-01 -9.0175122e-03 7.2598165e-01 -7.9544455e-01 9.8183191e-01
-2.7982500e-01 -1.1169257e+00 -2.4239415e-01 6.9145209e-01 -1.0523309e+00 1.8507268e+00
-2.2362721e-01 4.1941398e-01 2.0484862e-01 -4.4750609e-02 -8.8271582e-01 7.4046135e-01
-2.3822345e-01 2.0491198e-01 1.2348729e-01 9.7069487e-02 -8.1727707e-01 9.5526749e-01
-2.7738237e-01 -1.0371070e-01 5.6597717e-02 5.1815420e-01 -9.2832035e-01 1.1078053e+00
-2.4981469e-01 -1.8820323e-02 1.6898170e-01 3.8706639e-01 -1.0609355e+00 1.5886388e+00
-2.1313956e-01 2.0407884e-01 1.6048667e-01 -2.4847329e-01 -8.2967085e-01 7.6311219e-01
-1.5148018e-01 5.6797135e-01 2.8026712e-01 -3.0515766e-01 -7.3678905e-01 8.3444971e-01
-2.5599325e-01 3.1570101e-01 1.8145436e-01 1.1408173e-01 -9.1074497e-01 6.8662429e-01
-1.1780339e-01 -9.5256016e-02 8.9495495e-02 -6.0614103e-01 -7.4738353e-01 7.9943377e-01
-2.9698697e-01 -9.1376722e-01 -1.9382375e-01 3.8393927e-01 -8.0020446e-01 9.8413271e-01
-1.6018099e-01 4.9425787e-01 2.5193608e-01 -2.1093875e-01 -7.3327464e-01 8.2325429e-01
-2.1664006e-01 2.9978228e-01 2.0790955e-01 -4.0559061e-02 -8.2133180e-01 6.8322659e-01
-1.4351884e-01 4.3798131e-01 1.8749149e-01 -8.8599823e-02 -8.9949167e-01 7.7824080e-01
-1.5930328e-01 2.9050133e-01 2.1441269e-01 -3.9820322e-01 -7.4211603e-01 8.0776811e-01
-2.2178534e-01 -1.8337539e-01 1.4278159e-01 4.6992600e-01 -8.5526931e-01 1.3624432e+00
-1.6319072e-01 2.4498773e-01 1.9850141e-01 -4.1264936e-01 -7.6084578e-01 8.0662614e-01
-2.0535102e-01 3.6477220e-01 2.1847978e-01 -4.9770437e-02 -8.1929874e-01 6.0073388e-01
-2.6328826e-01 3.0107579e-01 1.6258490e-01 1.5351030e-01 -9.4844776e-01 6.8846101e-01
-1.4000136e-01 7.5007431e-02 1.3972999e-01 -6.3441777e-01 -7.4802214e-01 9.8515725e-01
-1.3009928e-01 4.8465821e-01 2.0209938e-01 -5.5816449e-02 -8.8667780e-01 8.0464751e-01
-1.7882188e-01 -8.0924481e-02 1.3387991e-01 2.9905936e-01 -8.9680469e-01 1.5868752e+00
-2.2241344e-01 8.7777540e-02 1.3405180e-01 1.7655069e-01 -9.1314578e-01 1.2395594e+00
-2.6577619e-01 1.8926957e-01 1.7496255e-01 3.0694035e-01 -8.9253783e-01 6.5628368e-01
-1.2710235e-01 4.7506505e-01 1.9379416e-01 -1.0589618e-01 -8.9684093e-01 7.9476488e-01
-3.3063942e-01 -8.6441386e-01 -1.4235187e-01 8.2150853e-01 -7.6337093e-01 1.1399716e+00
-1.7300059e-01 2.9759246e-01 2.1216270e-01 -3.2113931e-01 -7.6251954e-01 7.8297400e-01
-1.7315282e-01 3.5955894e-01 1.6150829e-01 -2.2204742e-03 -9.3225813e-01 7.6148629e-01
-3.2859206e-01 -9.7181320e-01 -2.1618235e-01 4.8449072e-01 -8.6081022e-01 1.0264404e+00
-3.1712493e-01 -2.3498428e-01 2.1176942e-02 7.2762430e-01 -8.3651739e-01 9.8319328e-01
-2.2895963e-01 -9.3502700e-03 1.3500215e-01 1.6476390e-01 -9.6474379e-01 1.3180662e+00
-2.9943681e-01 4.7097456e-01 2.2845799e-01 1.6822231e-01 -8.6237067e-01 6.3880479e-01
-2.4096945e-01 -8.7810677e-01 -1.5384597e-01 5.6870705e-01 -1.1321390e+00 1.9419670e+00
-3.1266940e-01 -8.2791674e-01 -1.2207735e-01 7.9260957e-01 -7.4476922e-01 1.1220546e+00
-1.4965124e-01 4.0475330e-01 1.7712739e-01 -8.7341242e-02 -9.1596460e-01 7.7279049e-01
-1.7457345e-01 -3.0372217e-02 1.3670221e-01 2.5952756e-01 -9.0247363e-01 1.5531285e+00
-2.2433528e-01 2.1649960e-01 1.6051787e-01 -1.5866777e-01 -8.3619952e-01 7.3597586e-01
-3.3214581e-01 3.3850339e-01 1.9705418e-01 2.8947937e-01 -9.6208155e-01 6.9747216e-01
-1.3240077e-01 4.2851952e-01 1.9799051e-01 -2.9595774e-01 -8.7394923e-01 7.8330660e-01
-2.9653984e-01 -4.1804236e-01 5.6562386e-02 9.3629253e-01 -1.0691783e+00 1.5136888e+00
-2.6191399e-01 3.5181162e-01 2.1921334e-01 6.9487974e-02 -8.8754505e-01 6.5002817e-01
-2.3698357e-01 -8.7538737e-01 -1.5489691e-01 4.6595922e-01 -1.0530617e+00 1.6999335e+00
-2.3631212e-01 2.3880406e-01 1.5853360e-01 4.6107095e-02 -8.8324374e-01 6.9942111e-01
-1.3916366e-01 5.7225354e-02 1.3733795e-01 -6.5922946e-01 -7.6487207e-01 1.0286317e+00
-3.3677059e-01 -2.8900579e-01 3.5714202e-02 9.0377194e-01 -8.4502167e-01 9.3289596e-01
-3.1196815e-01 -8.5664499e-01 -1.6825891e-01 3.8656723e-01 -8.7024081e-01 9.2189682e-01
-2.6966220e-01 4.7081503e-01 2.2596882e-01 1.0586716e-01 -8.6608648e-01 7.0600843e-01
-1.1305405e-01 -1.3216063e-03 1.2970775e-01 -7.7913082e-01 -7.3770726e-01 1.0846680e+00
-8.2256004e-02 5.9970200e-01 2.2347723e-01 -2.9979870e-01 -8.6230278e-01 8.1072676e-01
-1.9725066e-01 6.9886744e-01 2.7449596e-01 -3.7421100e-02 -8.2672769e-01 7.6886165e-01
-3.5205078e-01 -3.8806403e-01 -2.8608590e-03 9.2673391e-01 -8.5256618e-01 9.8389196e-01
-1.3104647e-01 1.0583159e-01 1.4204261e-01 -6.5122473e-01 -7.1509594e-01 9.3407047e-01
-2.5496599e-01 -3.4410945e-01 8.9516945e-02 7.0324022e-01 -9.8921305e-01 1.3718611e+00
-3.2615000e-01 -8.5548496e-01 -1.6213971e-01 4.7169968e-01 -8.5659462e-01 9.6747494e-01
-2.6356110e-01 -1.3174020e-02 1.2805498e-01 3.8588059e-01 -1.0449545e+00 1.4402692e+00
-3.4079799e-01 -5.0338334e-01 -1.9864112e-02 9.7848588e-01 -8.4917748e-01 1.0233141e+00
-3.1418380e-01 -1.1196340e+00 -2.8020462e-01 4.7200096e-01 -7.9092366e-01 1.1745822e+00
-2.2543676e-01 3.5620916e-01 1.9583970e-01 -1.1092789e-01 -8.7310129e-01 8.1649411e-01
-1.6211699e-01 3.6604726e-01 1.6418669e-01 -4.1474424e-02 -9.2727339e-01 7.7133101e-01
-2.5993672e-01 3.0867428e-01 1.6193530e-01 1.4617625e-01 -9.4668055e-01 6.8289846e-01
-1.9393206e-01 2.8621170e-01 1.8463868e-01 -1.1648542e-01 -7.9569221e-01 6.7838889e-01
-2.6185781e-01 1.4114207e-01 1.1657158e-01 -1.7484054e-02 -9.1083407e-01 1.1060187e+00
-2.5547063e-01 3.2165623e-01 1.8285078e-01 1.1894013e-01 -9.1088229e-01 6.9067693e-01
-1.8867514e-01 1.8752080e-01 1.6726491e-01 -3.0467448e-01 -8.1513810e-01 6.3975394e-01
-2.7137196e-01 -1.2744561e+00 -3.2915354e-01 6.0982603e-01 -9.6522164e-01 1.4257941e+00
-3.5662562e-01 3.5092765e-01 1.8605199e-01 2.9488844e-01 -9.7491544e-01 6.7317915e-01
-3.1109419e-01 -9.1191816e-01 -1.9350845e-01 4.4138104e-01 -8.2284153e-01 9.8712778e-01
-2.5573662e-01 3.2014787e-01 1.8536428e-01 1.0690779e-01 -9.0958220e-01 6.8018699e-01
-2.5669423e-01 -1.7818895e-01 6.2983163e-02 4.9545670e-01 -1.0231476e+00 1.5140332e+00
-2.8416255e-01 2.9912484e-01 1.7979820e-01 1.8536949e-01 -9.4243073e-01 7.0348930e-01
-1.6529556e-01 1.4583018e-01 1.8307182e-01 1.3302708e-01 -8.6460978e-01 1.4512092e+00
-2.2369635e-01 3.0999202e-01 1.9926228e-01 4.8466872e-02 -8.4567052e-01 6.6269952e-01
-3.1301963e-01 -8.5546607e-01 -1.3374561e-01 7.6359195e-01 -7.6206803e-01 1.1322336e+00
-1.8307662e-01 3.1045312e-01 1.7117897e-01 -1.3349974e-01 -9.1181803e-01 7.8259104e-01
-3.1704521e-01 3.2104409e-01 1.8402112e-01 3.5646930e-01 -9.8594856e-01 7.0547366e-01
-2.5201017e-01 3.0275172e-01 1.9244435e-01 1.3942340e-01 -9.0656877e-01 6.3877505e-01
-2.4960208e-01 3.3241856e-01 1.6449320e-01 1.2004706e-01 -9.4294977e-01 7.0151138e-01
-3.0960298e-01 -5.9673351e-01 8.9394301e-03 9.9939322e-01 -1.0755360e+00 1.6250315e+00
-1.2189823e-01 3.2575801e-02 1.3517033e-01 -7.2723871e-01 -7.5499123e-01 1.0871234e+00
-2.1110962e-01 2.2458465e-01 1.9246829e-01 -8.3063819e-02 -8.3596855e-01 7.2799486e-01
-3.0267954e-01 3.0101752e-01 1.7687051e-01 3.3319566e-01 -9.6972775e-01 6.8554908e-01
-2.2131124e-01 3.2232058e-01 1.9882223e-01 -7.5237416e-03 -8.2645762e-01 6.4348817e-01
-3.2951856e-01 -4.7750050e-01 -2.8116405e-03 9.7852522e-01 -8.5459840e-01 1.0021899e+00
-1.9811240e-01 3.6175159e-01 2.1949169e-01 -9.6104838e-02 -8.0697495e-01 5.7555497e-01
-2.8523383e-01 2.9658335e-01 1.7971025e-01 1.4058703e-01 -9.2148221e-01 6.2934220e-01
-1.4254858e-01 3.4615648e-01 1.7403476e-01 -2.1967447e-01 -8.7169355e-01 7.7006805e-01
-2.2706066e-01 3.2351226e-01 1.6703534e-01 6.5201059e-02 -9.3370569e-01 7.3814255e-01
-2.8825974e-01 4.0490600e-01 2.4066706e-01 1.4259875e-01 -8.5775894e-01 6.3863075e-01
-3.1676081e-01 -5.8437008e-01 -6.1086372e-02 8.5339218e-01 -7.8162891e-01 1.0368097e+00
-3.3904314e-01 -5.3067881e-01 -1.8754691e-02 1.0012481e+00 -8.6663073e-01 1.0618919e+00
-1.8170275e-01 1.5052295e-01 1.5959153e-01 -3.6696181e-01 -8.2254958e-01 6.6401958e-01
-2.9104754e-01 -8.4174412e-01 -1.8526420e-01 3.3030337e-01 -7.9172301e-01 1.0226864e+00
-2.4696448e-01 -9.1988790e-01 -1.9882870e-01 5.4502720e-01 -1.0368952e+00 1.7130320e+00
-2.6860866e-01 2.5813064e-01 1.8334278e-01 1.8022588e-01 -9.0992767e-01 6.2875938e-01
-2.2434717e-01 3.9567411e-01 1.9793624e-01 -4.0009417e-02 -8.8388824e-01 7.4220139e-01
-2.4495929e-01 2.9694331e-01 1.6916880e-01 1.1598224e-01 -9.2980492e-01 6.9356400e-01
-3.1234223e-01 -1.2018292e+00 -3.1045538e-01 4.8191810e-01 -7.9857290e-01 1.2351706e+00
-1.9481473e-01 -2.9555404e-01 1.1798127e-01 5.3307450e-01 -8.3737242e-01 1.6468033e+00
-3.3218551e-01 3.5136738e-01 1.8407378e-01 2.4190235e-01 -9.6084869e-01 6.7408246e-01
-2.6173371e-01 1.3741863e-01 1.1956730e-01 -1.1730633e-01 -9.1331923e-01 1.1262594e+00
-3.2928324e-01 -4.5029438e-01 -5.4182559e-03 9.5538062e-01 -8.6328763e-01 1.0106993e+00
-2.2526503e-01 3.2633406e-01 1.9955698e-01 4.6512634e-03 -8.3196598e-01 6.4100319e-01
-1.9215789e-01 2.5134206e-01 1.8130688e-01 -2.1410722e-01 -8.1039256e-01 6.2424332e-01
-2.7216649e-01 -1.9212472e-01 4.1835397e-02 5.8469015e-01 -9.2229664e-01 1.3023140e+00
-3.1409252e-01 -2.0863101e-01 2.8377622e-02 7.0357651e-01 -8.3382314e-01 9.8077112e-01
-2.7953571e-01 6.1473441e-01 2.6273638e-01 1.3984036e-01 -8.6274350e-01 6.8376309e-01
-1.9408159e-01 2.9116288e-01 1.8680952e-01 -1.1985565e-01 -7.9760814e-01 6.8129414e-01
-1.6671078e-01 2.8590506e-01 2.1144317e-01 -3.7120026e-01 -7.5940388e-01 8.0391598e-01
-3.3178222e-01 -4.4601071e-01 7.9476982e-03 9.8218668e-01 -8.5549462e-01 9.9609637e-01
-2.3650488e-01 2.2749160e-01 1.2654318e-01 3.0056641e-02 -8.2788181e-01 9.6894133e-01
-3.2127655e-01 -1.1070747e+00 -2.6371488e-01 5.1600397e-01 -8.2237840e-01 1.1378061e+00
-2.2591473e-01 3.5265976e-01 2.1516311e-01 1.0346176e-01 -8.4684664e-01 6.5735418e-01
-2.9675117e-01 2.8640294e-01 1.6439925e-01 3.8829562e-01 -9.6502805e-01 7.0892245e-01
-1.0688592e-01 -1.0711129e-01 1.3157178e-01 -3.9301845e-01 -7.6560545e-01 1.0886052e+00
-1.9685446e-01 2.5927037e-01 1.8273167e-01 -1.8017921e-01 -8.1371152e-01 6.2172383e-01
-2.6577619e-01 1.8926957e-01 1.7496255e-01 3.0694035e-01 -8.9253783e-01 6.5628368e-01
-1.1897657e-01 -9.9820033e-02 8.9712560e-02 -5.7450372e-01 -7.3973817e-01 8.0821216e-01
-2.4151754e-01 2.0424834e-01 1.6012220e-01 -1.3330695e-01 -8.5820752e-01 7.3463154e-01
-1.0970704e-01 -1.5580976e-01 1.2414685e-01 -3.4661826e-01 -8.0064750e-01 1.2399545e+00
-2.7732602e-01 -3.9779642e-01 6.6290796e-02 8.5529155e-01 -1.0730876e+00 1.5345736e+00
-2.3331055e-01 4.2262545e-01 2.4411315e-01 1.1229155e-01 -8.3072329e-01 6.3187069e-01
-1.6732372e-01 2.2772202e-01 1.8445393e-01 -3.7464347e-01 -7.5978428e-01 7.4154150e-01
-2.2911403e-01 -3.0572057e-02 1.2918061e-01 2.0115843e-01 -9.3952262e-01 1.2580667e+00
-2.0159204e-01 2.4971910e-01 1.9152775e-01 -1.5946004e-01 -8.1400424e-01 6.6215169e-01
-1.2956366e-01 4.5307413e-01 1.9039759e-01 -1.1641928e-01 -9.1297984e-01 8.0602396e-01
-2.5843146e-01 -1.9871727e-01 5.8248840e-02 5.2806270e-01 -1.0391401e+00 1.5489023e+00
-3.3867937e-01 3.1541556e-01 1.8643430e-01 4.0654930e-01 -1.0133386e+00 7.2513157e-01
-2.5731179e-01 -4.3362856e-02 1.3138282e-01 3.7329075e-01 -1.0596626e+00 1.4781052e+00
-2.3644319e-01 -3.4971589e-01 1.1604721e-01 7.1285802e-01 -8.6622113e-01 1.2717085e+00
-1.3882542e-01 7.8487083e-02 1.3888629e-01 -6.3896477e-01 -7.3760021e-01 9.6747297e-01
-2.2950044e-01 2.0436284e-01 1.5842909e-01 -1.6470081e-01 -8.4695870e-01 7.5418448e-01
-3.2630032e-01 3.3283743e-01 1.9590773e-01 3.6792675e-01 -9.5770836e-01 7.0495659e-01
-2.3531912e-01 4.6156880e-01 2.0982674e-01 -3.5813078e-03 -8.9880842e-01 7.2903931e-01
-1.4982012e-01 6.1640817e-01 2.8476638e-01 -2.9571369e-01 -7.4604863e-01 8.2094312e-01
-1.9615762e-01 5.8897907e-01 2.5586042e-01 -7.3814824e-02 -8.3605748e-01 7.1294081e-01
-2.6306754e-01 -7.7743411e-01 -1.3638407e-02 9.4327426e-01 -1.0421064e+00 1.7483909e+00
-2.1513195e-01 6.2307590e-01 2.6680189e-01 -9.3141943e-04 -8.3351642e-01 7.4976647e-01
-2.3598935e-01 -6.8177235e-01 -3.7969247e-02 6.6917074e-01 -1.1446545e+00 2.0224140e+00
-2.4170327e-01 -3.1992143e-01 1.1786634e-01 7.2488368e-01 -9.0921450e-01 1.3192217e+00
-1.6427794e-01 2.9181507e-01 2.1156955e-01 -3.7007102e-01 -7.4998105e-01 7.9838085e-01
-1.7279382e-01 7.9043575e-02 1.6823083e-01 -5.3512788e-01 -8.2973623e-01 7.5789666e-01
-1.6205676e-01 2.1475467e-01 1.8847804e-01 -4.3660927e-01 -7.6220417e-01 8.0818683e-01
-2.6978701e-01 -9.9740469e-01 -8.1671461e-02 9.5576137e-01 -1.0355896e+00 1.8220921e+00
-2.6020336e-01 -2.3034170e-01 3.1933084e-02 4.7619745e-01 -9.4366163e-01 1.2608191e+00
-2.3183429e-01 3.3855951e-01 1.9234611e-01 -3.9410628e-02 -8.3172423e-01 7.2734940e-01
-2.6853153e-01 5.9849381e-01 2.5512737e-01 1.1732759e-01 -8.5502708e-01 6.9419068e-01
-2.6168013e-01 -3.7404540e-01 8.2079872e-02 7.4237555e-01 -1.0069857e+00 1.4339784e+00
-1.7703791e-01 2.5685608e-01 1.4999869e-01 -1.5469509e-01 -8.9435124e-01 7.3100078e-01
-3.4346187e-01 3.1472075e-01 1.8517791e-01 4.1452074e-01 -1.0136110e+00 7.1920848e-01
-2.3348941e-01 3.9682484e-01 2.3323765e-01 1.1471049e-01 -8.3830047e-01 6.3661110e-01
-2.4370712e-01 2.7156666e-01 1.6337073e-01 7.1415693e-02 -8.9559150e-01 6.8739134e-01
-2.5028968e-01 -9.5002365e-01 -2.2429219e-01 5.7371616e-01 -1.0211711e+00 1.6929114e+00
-1.7368746e-01 3.5699096e-01 1.6163196e-01 -4.5100600e-04 -9.4018221e-01 7.6798296e-01
-2.9636407e-01 3.0522537e-01 1.6991441e-01 4.0616798e-01 -9.6593571e-01 7.0410460e-01
-2.2527933e-01 1.2398772e-02 1.3717730e-01 1.4536417e-01 -9.4952029e-01 1.2818952e+00
-2.4322906e-01 5.3045523e-01 2.3678365e-01 6.6644505e-02 -8.4492058e-01 6.6580248e-01
-2.1030502e-01 2.1299711e-01 1.6125435e-01 -2.0709500e-01 -8.2337272e-01 7.3575068e-01
-2.9687309e-01 3.0315483e-01 1.8437697e-01 1.4752451e-01 -9.3481880e-01 6.3840121e-01
-1.5014653e-01 2.6258323e-01 2.0704743e-01 -4.7548312e-01 -7.1629316e-01 8.3794844e-01
-1.8786874e-01 5.4056776e-01 2.6605362e-01 6.6554137e-03 -9.3734860e-01 1.1879432e+00
-3.2985646e-01 -5.2063024e-01 -1.1625871e-02 1.0003822e+00 -8.5815626e-01 1.0579437e+00
-1.0350636e-01 5.9051055e-01 2.2770783e-01 -2.2256729e-01 -8.6049378e-01 8.1693864e-01
-1.9930625e-01 3.3026978e-01 2.0506865e-01 -1.1890090e-01 -8.1281149e-01 6.0927391e-01
-3.2584614e-01 -2.2001445e-01 2.4992131e-02 7.2244018e-01 -8.5778415e-01 9.3795329e-01
-2.2046418e-01 6.2171537e-01 2.6205096e-01 -5.9589706e-03 -8.6529690e-01 7.0511639e-01
-3.3107007e-01 -4.7295678e-01 -6.4337254e-04 9.8240066e-01 -8.5494471e-01 1.0112083e+00
-2.1882439e-01 5.8970225e-01 2.5635082e-01 -9.1904290e-03 -8.5869890e-01 7.0121008e-01
